1
620 320 240
6.9590328519621814e-001 -9.0077247838339120e-002 7.1246382860814905e-001 -9.1661821304843893e-001 -2.6946222912378002e-002 -9.9467883677880531e-001 -9.9437984367745980e-002 6.5567016757827806e-002 7.1762979224936563e-001 5.0001010852123356e-002 -6.9462751182910853e-001 -3.2930844696353523e-001 0 0 0 1
2
620 320 240
9.9982126883781763e-001 2.8181305938343188e-004 -1.8903728757468784e-002 -6.8571294423414040e-003 -6.5791301684778010e-004 -9.9876464578267166e-001 -4.9686512104157560e-002 4.2145102346247090e-002 -1.8894378264411184e-002 4.9690068585321122e-002 -9.9858595000830408e-001 5.0468898153742899e-002 0 0 0 1
3
620 320 240
6.9681836296967314e-001 1.2657770958241338e-001 -7.0599026371837059e-001 8.3842892388106249e-001 8.3375387084977243e-002 -9.9192665535193281e-001 -9.5551322496120250e-002 6.7245632033622049e-002 -7.1238522855032216e-001 7.7197046055894614e-003 -7.0174617370108061e-001 -2.7169092039222226e-001 0 0 0 1
4
620 320 240
1.2513296948972213e-002 1.5984939000635975e-001 -9.8706210033313613e-001 1.2405515378253291e+000 1.7281380194534499e-003 -9.8714137076346298e-001 -1.5984031927588591e-001 1.2008888188540083e-001 -9.9992021228618677e-001 2.9434983637042361e-004 -1.2628634911235254e-002 -1.1539547222631752e+000 0 0 0 1
5
620 320 240
-6.9952712715111010e-001 1.0735015797386935e-001 -7.0649680959131012e-001 8.8215754255235035e-001 3.6864643085745941e-002 -9.8191469963632128e-001 -1.8570008273631089e-001 1.6924752204576970e-001 -7.1365453580137461e-001 -1.5594699811505741e-001 6.8291854368513583e-001 -2.0501363280096379e+000 0 0 0 1
6
620 320 240
-9.9884680370903323e-001 4.3191471413136347e-002 -2.0965674742685739e-002 -6.2165256967864225e-003 -3.7941682341449554e-002 -9.7770069254713943e-001 -2.0654729369794234e-001 1.8669661707896715e-001 -2.9419236246857279e-002 -2.0551363115377969e-001 9.7821196882303563e-001 -2.4210158780784514e+000 0 0 0 1
7
620 320 240
-6.8360546584626802e-001 -1.0455625135101643e-001 7.2232372061876082e-001 -8.8455602447266579e-001 -5.5806252579802006e-002 -9.7930014694470668e-001 -1.9456845676284446e-001 1.5552823473486682e-001 7.2771507421387516e-001 -1.7331824052158670e-001 6.6362004058376312e-001 -2.0572944984480972e+000 0 0 0 1
8
620 320 240
-3.0840427435596451e-002 -1.6805530704552182e-001 9.8529502272640390e-001 -1.2266774343192233e+000 -7.1323189379392249e-002 -9.8288103817459116e-001 -1.6987603554824815e-001 1.1492727029737954e-001 9.9697636415932189e-001 -7.5513433047860512e-002 1.8326230845027824e-002 -1.2279175171370817e+000 0 0 0 1
9
620 320 240
6.9960579367050135e-001 -1.5256779109407465e-001 6.9805071634039839e-001 -8.9669487348784294e-001 -1.0599142357022112e-002 -9.7904661425644524e-001 -2.0336023528282346e-001 1.0137999064123495e+000 7.1445041230582551e-001 1.3487325989114685e-001 -6.8656377134420010e-001 -2.5802090437811631e-001 0 0 0 1
10
620 320 240
9.9920185658389049e-001 3.7067888310394835e-002 1.4886955884761081e-002 -3.3011928935219433e-002 3.9542800714802914e-002 -9.7066007432945256e-001 -2.3718218106420214e-001 9.9675794516358518e-001 5.6583311087377765e-003 2.3758154759776834e-001 -9.7135111650222217e-001 1.0055037186526834e-001 0 0 0 1
