<?xml version="1.0" encoding="UTF-8"?>
<document version="1.5.0">
  <chunk label="Chunk 1" enabled="true">
    <sensors next_id="1">
      <sensor id="0" label="unknown" type="frame">
        <resolution width="1280" height="720"/>
        <property name="layer_index" value="0"/>
        <bands>
          <band label="Red"/>
          <band label="Green"/>
          <band label="Blue"/>
        </bands>
        <data_type>uint8</data_type>
        <calibration type="frame" class="adjusted">
          <resolution width="1280" height="720"/>
          <f>987.895087465841</f>
          <b1>11.881912255976</b1>
          <k1>0.0495344966323294</k1>
          <p1>0.00143607388131527</p1>
          <p2>0.0093141124795908</p2>
        </calibration>
        <covariance>
          <params>f b1 k1 p1 p2</params>
          <coeffs>5.5658014841353163e+000 -1.0543171312311610e+000 4.2063640036071838e-003 2.4408292139079174e-005 -1.4324652269291557e-004 -1.0543171312311610e+000 1.6344056318481999e+000 4.9263975683788046e-004 -1.4453071485247426e-005 1.6462229744331885e-004 4.2063640036071838e-003 4.9263975683788046e-004 6.2792311271707448e-006 3.1174967796897390e-008 8.3813211895694390e-008 2.4408292139079174e-005 -1.4453071485247426e-005 3.1174967796897390e-008 2.3717553102429462e-008 -1.9179557397766239e-009 -1.4324652269291557e-004 1.6462229744331885e-004 8.3813211895694390e-008 -1.9179557397766239e-009 1.2323216068018501e-007</coeffs>
        </covariance>
      </sensor>
    </sensors>
    <cameras next_id="48" next_group_id="0">
      <camera id="0" sensor_id="0" label="colorImage_cam1_1">
        <transform>9.4652329033334492e-001 -2.7752408430458309e-001 1.6454192015240640e-001 1.3786038324382006e+000 -1.7989605488132218e-001 -8.7732849458193463e-001 -4.4489563049408831e-001 4.0040403218931138e+000 2.6782656756691370e-001 3.9150363373217700e-001 -8.8033734129583907e-001 -2.5290921702522513e+000 0 0 0 1</transform>
      </camera>
      <camera id="1" sensor_id="0" label="colorImage_cam2_1">
        <transform>8.3230604218820603e-001 -1.8896350070213797e-001 -5.2111366086430455e-001 2.5244958064654726e+000 -3.5948066845698112e-001 -8.9961103455228908e-001 -2.4793877372746898e-001 3.8211900234374641e+000 -4.2194822092613005e-001 3.9369122661567185e-001 -8.1668042522342899e-001 -2.6229086955748726e+000 0 0 0 1</transform>
        <rotation_covariance>4.4884615240183722e-006 -1.1581262035066285e-006 -1.6064534763853784e-006 -1.1581262035066282e-006 6.1107015300197469e-006 7.1375335439807990e-007 -1.6064534763853782e-006 7.1375335439808011e-007 1.9172789549962886e-006</rotation_covariance>
        <location_covariance>8.1230290392533716e-005 -3.1557904799151268e-005 -1.4406846389939713e-005 -3.1557904799151268e-005 6.2399368049000412e-005 -7.1681393429082834e-007 -1.4406846389939713e-005 -7.1681393429082834e-007 1.1255926706819372e-005</location_covariance>
      </camera>
      <camera id="2" sensor_id="0" label="colorImage_cam3_1">
        <transform>1.7512878161225442e-001 -9.0822888274446359e-002 -9.8034744494821580e-001 3.4725270070941767e+000 -3.1887657545749870e-001 -9.4729577216677385e-001 3.0796909901053444e-002 3.2808448755704118e+000 -9.3147605416108548e-001 3.0721641069520189e-001 -1.9486004599212153e-001 -3.7431629356068301e+000 0 0 0 1</transform>
        <rotation_covariance>3.5513173769665244e-006 8.6103876380038049e-007 -1.8863720274253856e-009 8.6103876380038049e-007 7.5556395109092048e-006 6.2620730265249928e-007 -1.8863720274255444e-009 6.2620730265249939e-007 3.6034401594655176e-006</rotation_covariance>
        <location_covariance>9.2102214803865416e-005 -3.4302517011000246e-005 -6.0429990379984477e-005 -3.4302517011000246e-005 5.0824511711417298e-005 2.3588492035750216e-005 -6.0429990379984477e-005 2.3588492035750216e-005 9.0360596388826205e-005</location_covariance>
      </camera>
      <camera id="3" sensor_id="0" label="colorImage_cam4_1">
        <transform>-5.3655779681041116e-001 -1.0506852893901664e-001 -8.3729704102459845e-001 3.2101791090244474e+000 -2.0110476935690719e-001 -9.4770989160659413e-001 2.4779595051760406e-001 2.7835471340228670e+000 -8.1955024398987386e-001 3.0134127758674051e-001 4.8737134917691760e-001 -4.9588993992500372e+000 0 0 0 1</transform>
        <rotation_covariance>5.7085845640494424e-006 1.5068970326771880e-006 1.9659498366692658e-006 1.5068970326771873e-006 7.8527313117747149e-006 1.4826864169672228e-006 1.9659498366692649e-006 1.4826864169672225e-006 2.5412839979211733e-006</rotation_covariance>
        <location_covariance>7.4179109783488435e-005 -3.3782642008266905e-005 -7.4975485480001245e-005 -3.3782642008266905e-005 5.0844015053883599e-005 5.6944789342541541e-005 -7.4975485480001245e-005 5.6944789342541541e-005 1.5364657274678537e-004</location_covariance>
      </camera>
      <camera id="4" sensor_id="0" label="colorImage_cam5_1">
        <transform>-9.4018729238532983e-001 -2.3887739448077672e-001 -2.4286919451263483e-001 2.0967561645971795e+000 1.7573017983395123e-001 -9.5085346372928947e-001 2.5494429667976454e-001 2.7844554193064806e+000 -2.9183344416407775e-001 1.9701594077659773e-001 9.3595831100922644e-001 -5.7781441192594896e+000 0 0 0 1</transform>
        <rotation_covariance>4.7174635918410020e-006 3.3264638356207969e-007 2.4671757765723597e-008 3.3264638356207943e-007 5.7442615061936666e-006 5.3991296267382246e-007 2.4671757765723809e-008 5.3991296267382288e-007 1.0047959828960221e-006</rotation_covariance>
        <location_covariance>3.1470535266736102e-005 -1.6819834299824887e-005 -3.9369457485733096e-005 -1.6819834299824887e-005 4.4024520724458376e-005 7.4515919171586325e-005 -3.9369457485733096e-005 7.4515919171586325e-005 2.0544991463590964e-004</location_covariance>
      </camera>
      <camera id="5" sensor_id="0" label="colorImage_cam6_1">
        <transform>-8.3400702318190556e-001 -3.1445714903890309e-001 4.5337510595706687e-001 8.4067320524649747e-001 3.6380501061191262e-001 -9.3118170303775605e-001 2.3378412721370867e-002 3.1940598954696156e+000 4.1482309426660741e-001 1.8443789563435592e-001 8.9101316663506591e-001 -5.6952149465993598e+000 0 0 0 1</transform>
        <rotation_covariance>3.5527236124883162e-006 3.5004169486072220e-007 -1.3149244210898722e-006 3.5004169486072257e-007 6.7587462106637790e-006 8.0787902150005813e-009 -1.3149244210898722e-006 8.0787902150004754e-009 2.1253115204721612e-006</rotation_covariance>
        <location_covariance>3.3218950724914959e-005 4.0144410986505652e-006 2.2232754656824603e-005 4.0144410986505652e-006 3.0272815996157218e-005 5.1604366516164169e-005 2.2232754656824603e-005 5.1604366516164169e-005 1.9828796697071672e-004</location_covariance>
      </camera>
      <camera id="6" sensor_id="0" label="colorImage_cam7_1">
        <transform>-1.8922026191729358e-001 -4.4108312648768888e-001 8.7729206539657989e-001 8.2169389652793190e-002 3.5135249118841938e-001 -8.6469322904220458e-001 -3.5896663714648491e-001 3.8878513562059065e+000 9.1692263545821728e-001 2.4031499157649380e-001 3.1859313459010208e-001 -4.7656974293381600e+000 0 0 0 1</transform>
        <rotation_covariance>2.5396706972762978e-006 -7.2506088289312174e-007 1.5312492554827422e-007 -7.2506088289312163e-007 5.4431759971864988e-006 -2.7818672383618611e-007 1.5312492554827422e-007 -2.7818672383618627e-007 3.1605735599947269e-006</rotation_covariance>
        <location_covariance>3.5955778352732985e-005 5.7151921637009278e-006 5.2631639020265649e-005 5.7151921637009278e-006 2.6949128430468560e-005 7.2050910096674820e-006 5.2631639020265649e-005 7.2050910096674820e-006 1.2615255290390163e-004</location_covariance>
      </camera>
      <camera id="7" sensor_id="0" label="colorImage_cam8_1">
        <transform>5.3517949234077533e-001 -4.2273378146960178e-001 7.3135426503321965e-001 3.3462684860729219e-001 7.1215268853855984e-002 -8.4011543882951423e-001 -5.3771222314762945e-001 4.1788647533457635e+000 8.4173113074184380e-001 3.3985614522133312e-001 -4.1950745415946206e-001 -3.3781549520747673e+000 0 0 0 1</transform>
        <rotation_covariance>3.8797794516055369e-006 -9.4442848641196920e-007 9.2007672468133736e-007 -9.4442848641196888e-007 4.5763900438079080e-006 6.9590384392655880e-008 9.2007672468133757e-007 6.9590384392655549e-008 1.8241172711123313e-006</rotation_covariance>
        <location_covariance>3.9032043968495689e-005 -1.4253361489990787e-006 3.4648773891824509e-005 -1.4253361489990787e-006 3.4531391176457740e-005 -1.3035828440083657e-005 3.4648773891824509e-005 -1.3035828440083657e-005 4.7454737328660608e-005</location_covariance>
      </camera>
      <camera id="8" sensor_id="0" label="colorImage_cam9_1">
        <transform>9.4767445959573671e-001 -2.7238167375090994e-001 1.6649727455601582e-001 1.6764774526017259e+000 -1.6330043694689475e-001 -8.6175858193227828e-001 -4.8031772167912151e-001 5.0024042949152596e+000 2.7431020018016422e-001 4.2799575964105241e-001 -8.6114664477451042e-001 -2.6814635826596054e+000 0 0 0 1</transform>
        <rotation_covariance>4.6964409856938771e-006 -4.4610777139891851e-007 -2.3496868148447540e-008 -4.4610777139891840e-007 6.5371381195384889e-006 1.6800395715905434e-007 -2.3496868148447870e-008 1.6800395715905402e-007 4.6380206400856047e-007</rotation_covariance>
        <location_covariance>8.0621061165748816e-005 -6.1644850711723557e-006 1.6063129819362686e-005 -6.1644850711723557e-006 4.0895542347235529e-005 -2.5159305805549721e-005 1.6063129819362686e-005 -2.5159305805549721e-005 2.1822618649283669e-005</location_covariance>
      </camera>
      <camera id="9" sensor_id="0" label="colorImage_cam10_1">
        <transform>8.1772558992116962e-001 -4.1322783871083957e-002 -5.7412305921397966e-001 2.9251929360461348e+000 -3.3228384050571358e-001 -8.4833193269359342e-001 -4.1221399941186604e-001 4.9863717498310480e+000 -4.7001309442062189e-001 5.2784975088134334e-001 -7.0743362343590621e-001 -3.0579729150892643e+000 0 0 0 1</transform>
        <rotation_covariance>3.6530564768082048e-006 1.1133179191083736e-007 -1.5954804469474849e-006 1.1133179191083752e-007 6.6228393937587243e-006 5.0049391945743949e-007 -1.5954804469474845e-006 5.0049391945743906e-007 2.1288036399004418e-006</rotation_covariance>
        <location_covariance>1.0108144631658343e-004 -1.7505601147665517e-005 -3.2523377371725909e-005 -1.7505601147665517e-005 3.8764604593335862e-005 -1.1937553309850299e-005 -3.2523377371725909e-005 -1.1937553309850299e-005 3.3310803834933821e-005</location_covariance>
      </camera>
      <camera id="10" sensor_id="0" label="colorImage_cam11_1">
        <transform>2.4242571175085728e-001 4.3711605701727524e-002 -9.6918474493208318e-001 3.7160129680649763e+000 -3.4521283944363268e-001 -9.2971614811602943e-001 -1.2828086145469234e-001 4.5148713003755487e+000 -9.0667407030605818e-001 3.6567359688562417e-001 -2.1029729141236000e-001 -4.0676309228447529e+000 0 0 0 1</transform>
        <rotation_covariance>2.0886402661402792e-006 1.5205579956479941e-007 -3.3361000413303833e-007 1.5205579956479994e-007 5.1942497856462097e-006 2.3399974295343688e-007 -3.3361000413303843e-007 2.3399974295343680e-007 3.6466130902047124e-006</rotation_covariance>
        <location_covariance>1.0130892257415918e-004 -3.0316359602440082e-005 -6.2948921142036882e-005 -3.0316359602440082e-005 3.3804209602941446e-005 1.4101129182625876e-005 -6.2948921142036882e-005 1.4101129182625876e-005 7.8235266534892761e-005</location_covariance>
      </camera>
      <camera id="11" sensor_id="0" label="colorImage_cam12_1">
        <transform>-5.3703905123796536e-001 -3.4883719680369241e-002 -8.4283579868601199e-001 3.5401054639594967e+000 -1.4345879527370164e-001 -9.8081324129480785e-001 1.3200363540217919e-001 3.9690261984089568e+000 -8.3126928940268474e-001 1.9180331540939188e-001 5.2173063614658566e-001 -5.4167202349985173e+000 0 0 0 1</transform>
        <rotation_covariance>4.7662482741171478e-006 -6.7472023709217975e-008 1.5494275397460302e-006 -6.7472023709217763e-008 7.8102823992750492e-006 6.0950540854934108e-007 1.5494275397460304e-006 6.0950540854934108e-007 2.3640268696002547e-006</rotation_covariance>
        <location_covariance>8.9648231672965649e-005 -2.9033017265523180e-005 -6.6140858767931902e-005 -2.9033017265523180e-005 4.9704989337753089e-005 5.3884942236000020e-005 -6.6140858767931902e-005 5.3884942236000020e-005 1.8486200654651698e-004</location_covariance>
      </camera>
      <camera id="12" sensor_id="0" label="colorImage_cam13_1">
        <transform>-9.4083900763534056e-001 -1.8873381482943768e-001 -2.8142762631212048e-001 2.4380778235868390e+000 1.6218015381262676e-001 -9.8003064535491158e-001 1.1505447350950024e-001 3.8719994041756509e+000 -2.9752236793400877e-001 6.2605760958262729e-002 9.5265993894661949e-001 -6.2346738101657690e+000 0 0 0 1</transform>
        <rotation_covariance>5.4948985392489443e-006 6.6657879331375577e-007 1.4585333134435676e-007 6.6657879331375587e-007 5.9422186034939679e-006 5.9287071461218728e-007 1.4585333134435676e-007 5.9287071461218728e-007 1.0562391658451121e-006</rotation_covariance>
        <location_covariance>4.5016978239259017e-005 -1.5889918419529514e-005 -4.3925545555722008e-005 -1.5889918419529514e-005 4.2862702291829411e-005 5.7164134283701072e-005 -4.3925545555722008e-005 5.7164134283701072e-005 2.2674001391390962e-004</location_covariance>
      </camera>
      <camera id="13" sensor_id="0" label="colorImage_cam14_1">
        <transform>-8.1720966865306899e-001 -4.2253432836275345e-001 3.9196058324145189e-001 1.1759475660590806e+000 4.0983196945219125e-001 -9.0419894854833061e-001 -1.2025813177923558e-001 4.3384389607625984e+000 4.0522353618080997e-001 6.2361869753327526e-002 9.1208819909369987e-001 -6.1185426813138202e+000 0 0 0 1</transform>
        <rotation_covariance>4.6949956154028809e-006 9.1931993659951609e-007 -9.5830880475952297e-007 9.1931993659951545e-007 7.6329911572519699e-006 1.2471980186990420e-007 -9.5830880475952254e-007 1.2471980186990380e-007 2.0222852332323299e-006</rotation_covariance>
        <location_covariance>4.9262078632663549e-005 -2.9701709401538271e-006 3.3842106503597108e-006 -2.9701709401538271e-006 4.5411936518617724e-005 4.8365104767110476e-005 3.3842106503597108e-006 4.8365104767110476e-005 2.3291704942411695e-004</location_covariance>
      </camera>
      <camera id="14" sensor_id="0" label="colorImage_cam15_1">
        <transform>-2.0580943538894009e-001 -5.5768009783852657e-001 8.0413642174676914e-001 5.0226341434036992e-001 3.6253407072114691e-001 -8.0670964650173960e-001 -4.6667825512594130e-001 5.0739543361523127e+000 9.0896178350425738e-001 1.9548006219522740e-001 3.6820649289890267e-001 -5.1394659037632122e+000 0 0 0 1</transform>
        <rotation_covariance>2.0571373245815475e-006 9.8482346240806390e-008 2.6162534349916286e-007 9.8482346240806496e-008 6.9649930374590955e-006 -5.5958713261703854e-007 2.6162534349916254e-007 -5.5958713261703907e-007 2.8971680130562276e-006</rotation_covariance>
        <location_covariance>4.2053989308785641e-005 5.6367426862373418e-006 4.4327770315356550e-005 5.6367426862373418e-006 2.5538485241637858e-005 1.2757425742863772e-005 4.4327770315356550e-005 1.2757425742863772e-005 1.7546172316953239e-004</location_covariance>
      </camera>
      <camera id="15" sensor_id="0" label="colorImage_cam16_1">
        <transform>5.4716411739056703e-001 -5.0797530547236114e-001 6.6526124016844990e-001 7.9742401627295201e-001 9.5394867027857877e-002 -7.5176865930611758e-001 -6.5249038477959309e-001 5.4274416124395790e+000 8.3157155313595210e-001 4.2048183303841419e-001 -3.6288259823214997e-001 -3.7135154874699343e+000 0 0 0 1</transform>
        <rotation_covariance>3.3067321839052199e-006 -6.9338680435883830e-007 1.1195280951636345e-006 -6.9338680435883830e-007 7.7544571198062924e-006 1.0907123173847707e-007 1.1195280951636343e-006 1.0907123173847723e-007 1.5583137710812854e-006</rotation_covariance>
        <location_covariance>5.6817519108950597e-005 3.7325368632614243e-006 4.8695356375732683e-005 3.7325368632614243e-006 2.7952994183778958e-005 -2.0232815064952683e-005 4.8695356375732683e-005 -2.0232815064952683e-005 8.7680175126821262e-005</location_covariance>
      </camera>
      <camera id="16" sensor_id="0" label="inferredImage1_cam1_1">
        <transform>9.4352745680216810e-001 -2.8210329496311165e-001 1.7370569717596951e-001 1.4183245602304553e+000 -1.7834731841062529e-001 -8.7437947543976269e-001 -4.5127903446252043e-001 3.9545976881008755e+000 2.7919199894727104e-001 3.9481421441057729e-001 -8.7531340891316511e-001 -2.5816494695182715e+000 0 0 0 1</transform>
        <rotation_covariance>1.9691820149999189e-006 -5.0414024144153174e-008 -6.6967338795547057e-009 -5.0414024144153200e-008 9.2565561153409928e-007 -1.0252705582030129e-007 -6.6967338795547322e-009 -1.0252705582030129e-007 2.7530618916782739e-007</rotation_covariance>
        <location_covariance>8.0123167323327040e-006 1.2664193908950884e-006 1.0621842456323642e-006 1.2664193908950884e-006 1.5033030437655988e-005 -2.1594743779175073e-006 1.0621842456323642e-006 -2.1594743779175073e-006 2.3572419508191973e-006</location_covariance>
      </camera>
      <camera id="17" sensor_id="0" label="inferredImage1_cam2_1">
        <transform>8.3094236982684810e-001 -1.8183673433504666e-001 -5.2580431728249133e-001 2.5210762566469156e+000 -3.6030826808017141e-001 -8.9599908951470730e-001 -2.5954495476098566e-001 3.8205633932543854e+000 -4.2392538256113965e-001 4.0511854269482694e-001 -8.1004088562566445e-001 -2.6800232077310171e+000 0 0 0 1</transform>
        <rotation_covariance>4.3028035734944003e-006 -1.3001839207029139e-006 -1.6044865712368462e-006 -1.3001839207029143e-006 6.0963792804690115e-006 7.1366340571989009e-007 -1.6044865712368469e-006 7.1366340571989009e-007 1.8992210912041797e-006</rotation_covariance>
        <location_covariance>7.8056430539144347e-005 -3.2641395241941817e-005 -1.4547589139282004e-005 -3.2641395241941817e-005 5.9194518264528281e-005 5.8843252895059733e-007 -1.4547589139282004e-005 5.8843252895059733e-007 1.1108849027061669e-005</location_covariance>
      </camera>
      <camera id="18" sensor_id="0" label="inferredImage1_cam3_1">
        <transform>1.8324275279060556e-001 -8.8151243151109324e-002 -9.7910747718554136e-001 3.4028495864193373e+000 -3.2059393732972891e-001 -9.4688013037028262e-001 2.5249674401436037e-002 3.2657981030026626e+000 -9.2932320583161110e-001 3.0926910133550484e-001 -2.0176967577410240e-001 -3.7829143610089173e+000 0 0 0 1</transform>
        <rotation_covariance>3.0293112596993191e-006 5.9289492045559950e-007 -4.3434820394720610e-008 5.9289492045559982e-007 7.0590583210739475e-006 7.0793773161114168e-007 -4.3434820394720768e-008 7.0793773161114189e-007 3.5601627109095341e-006</rotation_covariance>
        <location_covariance>8.8052860044852518e-005 -3.5439509164766241e-005 -5.8074446549752714e-005 -3.5439509164766241e-005 4.6652165515982193e-005 2.5907993362694647e-005 -5.8074446549752714e-005 2.5907993362694647e-005 8.3956568482940647e-005</location_covariance>
      </camera>
      <camera id="19" sensor_id="0" label="inferredImage1_cam4_1">
        <transform>-5.2725047507764300e-001 -1.0630064698656985e-001 -8.4303446488304157e-001 3.1685430908534475e+000 -2.0613878510733191e-001 -9.4650330296950791e-001 2.4827061594615879e-001 2.7812688192777726e+000 -8.2432623263176108e-001 3.0468290060003084e-001 4.7713162992729696e-001 -4.9715928145425572e+000 0 0 0 1</transform>
        <rotation_covariance>5.2603268179490704e-006 1.6405781155189728e-006 1.9666002867367949e-006 1.6405781155189732e-006 7.8323462499560197e-006 1.4753086897138135e-006 1.9666002867367949e-006 1.4753086897138132e-006 2.5351807821556938e-006</rotation_covariance>
        <location_covariance>7.0810002538958350e-005 -3.4438983407240411e-005 -7.4286722166288317e-005 -3.4438983407240411e-005 4.7485854162515481e-005 5.7359137489175966e-005 -7.4286722166288317e-005 5.7359137489175966e-005 1.5383860171306956e-004</location_covariance>
      </camera>
      <camera id="20" sensor_id="0" label="inferredImage1_cam5_1">
        <transform>-9.4041895107275464e-001 -2.3528535456139926e-001 -2.4546486182779226e-001 2.0673024675310878e+000 1.7383204612525482e-001 -9.5313369914331258e-001 2.4762586960431288e-001 2.7999172497801417e+000 -2.9222357229205131e-001 1.9020240136838881e-001 9.3724512818716244e-001 -5.7261142347055127e+000 0 0 0 1</transform>
        <rotation_covariance>4.8525413312442867e-006 3.6200074165778919e-007 -2.2739500838236447e-008 3.6200074165778893e-007 5.8381638256872358e-006 5.5801325816088927e-007 -2.2739500838236765e-008 5.5801325816088927e-007 9.9276630506104853e-007</rotation_covariance>
        <location_covariance>3.1103733095624547e-005 -1.6291381575146433e-005 -3.8660478237786767e-005 -1.6291381575146433e-005 4.2613740946319931e-005 7.1668863781534640e-005 -3.8660478237786767e-005 7.1668863781534640e-005 2.0294979694852506e-004</location_covariance>
      </camera>
      <camera id="21" sensor_id="0" label="inferredImage1_cam6_1">
        <transform>-8.3313166582648979e-001 -3.1760764409818204e-001 4.5278804291586694e-001 8.4091079012802461e-001 3.6590809460923202e-001 -9.3042233854910550e-001 2.0628577950365684e-002 3.1994616601249350e+000 4.1473231571294245e-001 1.8286513155660811e-001 8.9137952072288729e-001 -5.6699736473975140e+000 0 0 0 1</transform>
        <rotation_covariance>3.7207767606087164e-006 2.6798543278548849e-007 -1.3027823460076637e-006 2.6798543278548828e-007 6.5299605885548294e-006 3.0417659689858528e-008 -1.3027823460076639e-006 3.0417659689858475e-008 2.0657855414418900e-006</rotation_covariance>
        <location_covariance>3.0970137270680638e-005 5.8588002982037569e-006 2.2858308991517675e-005 5.8588002982037569e-006 3.1162863007048390e-005 5.0333494496660037e-005 2.2858308991517675e-005 5.0333494496660037e-005 1.9610538857996646e-004</location_covariance>
      </camera>
      <camera id="22" sensor_id="0" label="inferredImage1_cam7_1">
        <transform>-1.8261594139073639e-001 -4.4393160601004922e-001 8.7725489291044390e-001 8.4946709592300010e-002 3.4912648979353822e-001 -8.6338937176906927e-001 -3.6423822814286622e-001 3.8933034218431049e+000 9.1910941246100719e-001 2.3975721449322596e-001 3.1265694622706142e-001 -4.7563225284497301e+000 0 0 0 1</transform>
        <rotation_covariance>2.3158122262308516e-006 -7.4027639391924976e-007 1.2384716307888605e-007 -7.4027639391925008e-007 5.2803913588773606e-006 -1.8900546091430869e-007 1.2384716307888616e-007 -1.8900546091430909e-007 3.0698956569137893e-006</rotation_covariance>
        <location_covariance>3.5370871007614919e-005 5.5401814074592671e-006 5.2568236496402603e-005 5.5401814074592671e-006 2.4964701749444572e-005 7.1116959810100345e-006 5.2568236496402603e-005 7.1116959810100345e-006 1.2423024943199613e-004</location_covariance>
      </camera>
      <camera id="23" sensor_id="0" label="inferredImage1_cam8_1">
        <transform>5.2700606445352138e-001 -4.2276287873406465e-001 7.3724904638371513e-001 3.5357795270377834e-001 7.9830810522977663e-002 -8.3903187852755878e-001 -5.3819378341426438e-001 4.1790297616598391e+000 8.4610380552297204e-001 3.4248657664060661e-001 -4.0842538498548614e-001 -3.3610782768325045e+000 0 0 0 1</transform>
        <rotation_covariance>3.3565284418028290e-006 -7.2543291322860290e-007 9.5364658467048086e-007 -7.2543291322860258e-007 4.0610551140328212e-006 8.6473113735087031e-008 9.5364658467048064e-007 8.6473113735086581e-008 1.7766608169001028e-006</rotation_covariance>
        <location_covariance>3.6691458954395821e-005 -8.4224717570651027e-007 3.2088399049349135e-005 -8.4224717570651027e-007 3.0683237252330816e-005 -1.0556490524886951e-005 3.2088399049349135e-005 -1.0556490524886951e-005 4.2398242795436076e-005</location_covariance>
      </camera>
      <camera id="24" sensor_id="0" label="inferredImage1_cam9_1">
        <transform>9.6855044073745711e-001 -2.2468703229504669e-001 1.0689144617658937e-001 1.9233218040650149e+000 -1.8736946346846020e-001 -9.4128915543400005e-001 -2.8083342041482223e-001 4.3148520515442668e+000 1.6371538689695417e-001 2.5197314019710848e-001 -9.5378551504643272e-001 -2.5346021279661413e+000 0 0 0 1</transform>
        <rotation_covariance>3.3383749713421061e-006 2.9251094595699239e-008 -3.7433357213300713e-007 2.9251094595699159e-008 4.3948232054604150e-006 -1.3861408740878127e-007 -3.7433357213300723e-007 -1.3861408740878112e-007 5.4024417510246830e-007</rotation_covariance>
        <location_covariance>5.5061707760557545e-005 -8.9572702687819562e-006 6.2903917148840298e-006 -8.9572702687819562e-006 2.8275352796062508e-005 -9.0759507358339274e-006 6.2903917148840298e-006 -9.0759507358339274e-006 7.5835165414781070e-006</location_covariance>
      </camera>
      <camera id="25" sensor_id="0" label="inferredImage1_cam10_1">
        <transform>8.2242129687205123e-001 -4.1202342682122389e-002 -5.6738485828298091e-001 2.9024203988088173e+000 -3.2821789022103792e-001 -8.4899716748853582e-001 -4.1409760459980238e-001 4.9596321456912991e+000 -4.6464634614956762e-001 5.2678855013558201e-001 -7.1175669751391035e-001 -3.0874707181538090e+000 0 0 0 1</transform>
        <rotation_covariance>3.4198898043010045e-006 -1.0549737263292698e-008 -1.6060418513687798e-006 -1.0549737263292407e-008 7.2886125410049844e-006 6.6241073603955282e-007 -1.6060418513687800e-006 6.6241073603955261e-007 2.1044462086337831e-006</rotation_covariance>
        <location_covariance>1.0398657425770748e-004 -2.1265597117208300e-005 -3.5215959890231151e-005 -2.1265597117208300e-005 3.7875222133445771e-005 -7.8256117452355724e-006 -3.5215959890231151e-005 -7.8256117452355724e-006 3.3047478534700144e-005</location_covariance>
      </camera>
      <camera id="26" sensor_id="0" label="inferredImage1_cam11_1">
        <transform>2.5598329267223885e-001 5.2479285712694071e-002 -9.6525565444796246e-001 3.7003964821665507e+000 -3.4635092543918006e-001 -9.2725498870316891e-001 -1.4226462094460160e-001 4.5049218625603240e+000 -9.0250406665017457e-001 3.7073455530362076e-001 -2.1918553598201790e-001 -4.0796927161300269e+000 0 0 0 1</transform>
        <rotation_covariance>2.1061661607924534e-006 1.5656342368674392e-007 -3.5896818319771508e-007 1.5656342368674371e-007 5.2451256600664949e-006 2.4979562306880875e-007 -3.5896818319771503e-007 2.4979562306880886e-007 3.6613046063161139e-006</rotation_covariance>
        <location_covariance>9.9473009294696605e-005 -3.0041619372469775e-005 -6.2422336334991751e-005 -3.0041619372469775e-005 3.3865052802163448e-005 1.4671515821053013e-005 -6.2422336334991751e-005 1.4671515821053013e-005 7.8328910546542218e-005</location_covariance>
      </camera>
      <camera id="27" sensor_id="0" label="inferredImage1_cam12_1">
        <transform>-5.3279802746359639e-001 -2.9688194113479647e-002 -8.4572151034556420e-001 3.4656383045263457e+000 -1.4202231093560383e-001 -9.8207262981105148e-001 1.2394762189133096e-001 3.9535596006444251e+000 -8.3423972881145647e-001 1.8615037175973073e-001 5.1902997405381335e-001 -5.3890282160411438e+000 0 0 0 1</transform>
        <rotation_covariance>4.3822264293351068e-006 -1.5112632397179567e-007 1.5252253051749684e-006 -1.5112632397179561e-007 8.0912863179650655e-006 7.5021690690094760e-007 1.5252253051749684e-006 7.5021690690094739e-007 2.3973189865532929e-006</rotation_covariance>
        <location_covariance>8.7875896523379834e-005 -2.8188313666504529e-005 -6.2225278550957997e-005 -2.8188313666504529e-005 4.5213368563911015e-005 5.5259497031470222e-005 -6.2225278550957997e-005 5.5259497031470222e-005 1.8274336570887892e-004</location_covariance>
      </camera>
      <camera id="28" sensor_id="0" label="inferredImage1_cam13_1">
        <transform>-9.3881376819302986e-001 -1.8330881815785985e-001 -2.9159318551154878e-001 2.4215753627835457e+000 1.5880666928482637e-001 -9.8162457492309763e-001 1.0579997966780548e-001 3.8762840022556850e+000 -3.0562910601227700e-001 5.3019535009436722e-002 9.5067332899662227e-001 -6.2152336109967505e+000 0 0 0 1</transform>
        <rotation_covariance>5.4242563359755596e-006 6.9759138908399486e-007 1.7615334975319819e-007 6.9759138908399433e-007 6.1336784521094693e-006 6.7893860987445072e-007 1.7615334975319797e-007 6.7893860987445082e-007 1.0674648278594498e-006</rotation_covariance>
        <location_covariance>4.7172722513817575e-005 -1.6670279448563652e-005 -4.2687689391582238e-005 -1.6670279448563652e-005 4.1983990408284567e-005 5.6655069663993513e-005 -4.2687689391582238e-005 5.6655069663993513e-005 2.2523145061092460e-004</location_covariance>
      </camera>
      <camera id="29" sensor_id="0" label="inferredImage1_cam14_1">
        <transform>-8.1241584910148346e-001 -4.2508847560771917e-001 3.9909933103705098e-001 1.2312637265297663e+000 4.1017273333099946e-001 -9.0312496066220205e-001 -1.2697887328478477e-001 4.3317330353526176e+000 4.1441382332216237e-001 6.0540014324431485e-002 9.0807273370865271e-001 -6.0585357858091715e+000 0 0 0 1</transform>
        <rotation_covariance>4.1547650743660713e-006 1.0648304959692413e-006 -1.0124453393481742e-006 1.0648304959692426e-006 7.0917634435314853e-006 7.5847653182805741e-008 -1.0124453393481742e-006 7.5847653182805900e-008 1.9962573016485090e-006</rotation_covariance>
        <location_covariance>4.0634024556138804e-005 -3.8762691070987881e-006 5.1549198901240187e-006 -3.8762691070987881e-006 3.9393104876253380e-005 4.6940117126849311e-005 5.1549198901240187e-006 4.6940117126849311e-005 2.2685330392244144e-004</location_covariance>
      </camera>
      <camera id="30" sensor_id="0" label="inferredImage1_cam15_1">
        <transform>-2.0195722620757525e-001 -5.4639459577031968e-001 8.1281376987323006e-001 5.9006981287700855e-001 3.6198358571495864e-001 -8.1279219217449006e-001 -4.5643919202137795e-001 5.0360827837546509e+000 9.1004459366312584e-001 2.0204404978414053e-001 3.6193513160694984e-001 -5.1156252468948944e+000 0 0 0 1</transform>
        <rotation_covariance>1.9240524340682276e-006 1.5451351006556424e-007 3.0956038796779788e-007 1.5451351006556400e-007 7.2045508491559374e-006 -5.3744120270281393e-007 3.0956038796779798e-007 -5.3744120270281383e-007 2.9186660788073635e-006</rotation_covariance>
        <location_covariance>3.9346250705573190e-005 5.3595726439278478e-006 4.2536137567882955e-005 5.3595726439278478e-006 2.4879287184864553e-005 1.6469182462252573e-005 4.2536137567882955e-005 1.6469182462252573e-005 1.7426311852958011e-004</location_covariance>
      </camera>
      <camera id="31" sensor_id="0" label="inferredImage1_cam16_1">
        <transform>5.5945324350713022e-001 -5.1806007669700405e-001 6.4701300239025039e-001 8.4522665721484236e-001 8.3293454016476601e-002 -7.4151354068384601e-001 -6.6574760194874982e-001 5.4260846457024030e+000 8.2466615599729642e-001 4.2634660302997685e-001 -3.7169114226389965e-001 -3.6929202113446538e+000 0 0 0 1</transform>
        <rotation_covariance>3.3716622905888976e-006 -2.0744488312176457e-007 1.1394597581007069e-006 -2.0744488312176500e-007 9.1605716998782681e-006 3.8194820650807880e-007 1.1394597581007061e-006 3.8194820650807943e-007 1.5072885377791142e-006</rotation_covariance>
        <location_covariance>6.6499089677444481e-005 6.9506092742590654e-006 6.0497474619674475e-005 6.9506092742590654e-006 2.8645148101657526e-005 -1.5836696229972097e-005 6.0497474619674475e-005 -1.5836696229972097e-005 9.8705707191438721e-005</location_covariance>
      </camera>
      <camera id="32" sensor_id="0" label="inferredImage2_cam1_1">
        <transform>9.4375211527830860e-001 -2.8203426480633520e-001 1.7259379589912444e-001 1.4755533301381250e+000 -1.7879808695608848e-001 -8.7436856026184406e-001 -4.5112178502758338e-001 3.9435422357601624e+000 2.7814238980882011e-001 3.9488769834065518e-001 -8.7561436528340386e-001 -2.5647685943674694e+000 0 0 0 1</transform>
        <rotation_covariance>1.9768139400066742e-006 1.8284091086551381e-008 -2.6273433978888179e-009 1.8284091086551328e-008 1.2837615015406953e-006 -8.4334591526088186e-008 -2.6273433978887782e-009 -8.4334591526088305e-008 2.8529319257176081e-007</rotation_covariance>
        <location_covariance>1.1589870617343691e-005 1.1109415438809622e-006 1.7412952096127877e-006 1.1109415438809622e-006 1.5034690757017795e-005 -2.0866223140618329e-006 1.7412952096127877e-006 -2.0866223140618329e-006 2.5199610205205628e-006</location_covariance>
      </camera>
      <camera id="33" sensor_id="0" label="inferredImage2_cam2_1">
        <transform>8.2943396465221886e-001 -1.8144578474160100e-001 -5.2831498699242396e-001 2.5782616008901313e+000 -3.6059579341827136e-001 -8.9623885369267020e-001 -2.5831490646243371e-001 3.7958437151985716e+000 -4.2662626741721849e-001 4.0476331890520029e-001 -8.0879953240497016e-001 -2.7082011401679940e+000 0 0 0 1</transform>
        <rotation_covariance>4.3107908487230580e-006 -1.2865900671956322e-006 -1.6172985053092466e-006 -1.2865900671956322e-006 6.1737853637797637e-006 7.4163444796534390e-007 -1.6172985053092459e-006 7.4163444796534380e-007 1.9058461116299271e-006</rotation_covariance>
        <location_covariance>8.0139163715228250e-005 -3.3623151316887602e-005 -1.6620104286243378e-005 -3.3623151316887602e-005 5.9279813322689097e-005 1.8250215181632252e-006 -1.6620104286243378e-005 1.8250215181632252e-006 1.1838807021613811e-005</location_covariance>
      </camera>
      <camera id="34" sensor_id="0" label="inferredImage2_cam3_1">
        <transform>1.7996687076243090e-001 -8.7729775589100389e-002 -9.7975272997989882e-001 3.4151254438153495e+000 -3.2019239635924263e-001 -9.4699618552346831e-001 2.5981799739953876e-002 3.2433645512927765e+000 -9.3010147550775546e-001 3.0903351125579798e-001 -1.9851834721054984e-001 -3.8473668591041994e+000 0 0 0 1</transform>
        <rotation_covariance>3.0335681073619013e-006 6.2538812583165220e-007 -3.7487451509728405e-008 6.2538812583165273e-007 6.9213253422937501e-006 7.0714461421462653e-007 -3.7487451509728511e-008 7.0714461421462674e-007 3.5601343381296205e-006</rotation_covariance>
        <location_covariance>8.8020129252983466e-005 -3.6108430946950245e-005 -5.9712705135474248e-005 -3.6108430946950245e-005 4.6455644245754511e-005 2.6870763999846899e-005 -5.9712705135474248e-005 2.6870763999846899e-005 8.6422547131296195e-005</location_covariance>
      </camera>
      <camera id="35" sensor_id="0" label="inferredImage2_cam4_1">
        <transform>-5.2897793598808318e-001 -1.0664215090392459e-001 -8.4190842428875345e-001 3.1345335478390948e+000 -2.0530429398896549e-001 -9.4652261510055635e-001 2.4888769751214310e-001 2.7678826041718394e+000 -8.2342728282920052e-001 3.0450351517476493e-001 4.7879548780114056e-001 -5.0248170330866886e+000 0 0 0 1</transform>
        <rotation_covariance>5.2582007836363325e-006 1.7423967797706574e-006 1.9585199764969157e-006 1.7423967797706576e-006 8.0768144042684244e-006 1.4879221975470708e-006 1.9585199764969161e-006 1.4879221975470710e-006 2.5346905290548991e-006</rotation_covariance>
        <location_covariance>6.8873396524700921e-005 -3.4228995330661354e-005 -7.3090115454234802e-005 -3.4228995330661354e-005 4.7775119241714541e-005 5.8500678899138023e-005 -7.3090115454234802e-005 5.8500678899138023e-005 1.5995293353279806e-004</location_covariance>
      </camera>
      <camera id="36" sensor_id="0" label="inferredImage2_cam5_1">
        <transform>-9.4063470214924605e-001 -2.3569979038824632e-001 -2.4423751948367062e-001 2.0089990456460169e+000 1.7443554214562856e-001 -9.5296576972196667e-001 2.4784770197558842e-001 2.8106022979187006e+000 -2.9116764715359472e-001 1.9053044520274512e-001 9.3750709368083385e-001 -5.7443156236257211e+000 0 0 0 1</transform>
        <rotation_covariance>4.8560687653153369e-006 4.3089806530724452e-007 -2.4220917094995889e-008 4.3089806530724436e-007 6.1364176170757570e-006 5.4783331185306774e-007 -2.4220917094996101e-008 5.4783331185306763e-007 1.0024634681805156e-006</rotation_covariance>
        <location_covariance>3.1810315069577811e-005 -1.5777470578261042e-005 -3.4595943096840914e-005 -1.5777470578261042e-005 4.2338867653398436e-005 7.0974079031804161e-005 -3.4595943096840914e-005 7.0974079031804161e-005 2.0521892027419207e-004</location_covariance>
      </camera>
      <camera id="37" sensor_id="0" label="inferredImage2_cam6_1">
        <transform>-8.3187910471535287e-001 -3.1833682946098951e-001 4.5457542624597219e-001 7.8627107434079546e-001 3.6676661091608620e-001 -9.3010135135461225e-001 1.9842613876510456e-002 3.2236296826396345e+000 4.1648458345431066e-001 1.8322974435677450e-001 8.9048719953059441e-001 -5.6427156822901612e+000 0 0 0 1</transform>
        <rotation_covariance>3.7077019109243184e-006 2.8715360349642946e-007 -1.3098433703694141e-006 2.8715360349642951e-007 6.4450871932915241e-006 -2.7658508483947627e-009 -1.3098433703694141e-006 -2.7658508483948157e-009 2.0798305956186145e-006</rotation_covariance>
        <location_covariance>2.9189087651646545e-005 7.2817327621070532e-006 2.6133506996134784e-005 7.2817327621070532e-006 3.0204610452757673e-005 4.8529550764650564e-005 2.6133506996134784e-005 4.8529550764650564e-005 1.9370209201448153e-004</location_covariance>
      </camera>
      <camera id="38" sensor_id="0" label="inferredImage2_cam7_1">
        <transform>-1.7964762703678169e-001 -4.4398277036359884e-001 8.7784168830166498e-001 7.2351836949660339e-002 3.4843913195397230e-001 -8.6322547814147454e-001 -3.6528337658670607e-001 3.9172197816004637e+000 9.1995483662145905e-001 2.4025210406505687e-001 3.0977737985381926e-001 -4.6929052317870328e+000 0 0 0 1</transform>
        <rotation_covariance>2.3235862375209338e-006 -6.9025355679499575e-007 1.2330469343989420e-007 -6.9025355679499554e-007 5.1720344668426403e-006 -1.7732199444704049e-007 1.2330469343989431e-007 -1.7732199444704026e-007 3.0725339889986437e-006</rotation_covariance>
        <location_covariance>3.6161764888912355e-005 4.9882418012252848e-006 5.2236363608699274e-005 4.9882418012252848e-006 2.5664505782311412e-005 5.9111455622055325e-006 5.2236363608699274e-005 5.9111455622055325e-006 1.1845632130717740e-004</location_covariance>
      </camera>
      <camera id="39" sensor_id="0" label="inferredImage2_cam8_1">
        <transform>5.2888829644831248e-001 -4.2234477473224213e-001 7.3613997387478758e-001 3.8725483427537993e-001 7.8864417621705762e-002 -8.3917177109451946e-001 -5.3811814895176813e-001 4.1843956240071876e+000 8.4501927404834398e-001 3.4265964141471283e-001 -4.1052015374686490e-001 -3.3059767006378569e+000 0 0 0 1</transform>
        <rotation_covariance>3.3608427256653816e-006 -6.5142411298566686e-007 9.5438848038108823e-007 -6.5142411298566676e-007 3.7610509374824557e-006 2.6078012914118613e-008 9.5438848038108844e-007 2.6078012914118454e-008 1.7742875848391585e-006</rotation_covariance>
        <location_covariance>3.4656842450250397e-005 -7.0218876437596979e-007 2.8527133897402202e-005 -7.0218876437596979e-007 3.1414007745778636e-005 -1.0207753041933622e-005 2.8527133897402202e-005 -1.0207753041933622e-005 3.6897035579533503e-005</location_covariance>
      </camera>
      <camera id="40" sensor_id="0" label="inferredImage2_cam9_1">
        <transform>9.4825594357911558e-001 -2.6869923893722097e-001 1.6914900076984868e-001 1.7270769002160213e+000 -1.6530397518903245e-001 -8.7264501004504558e-001 -4.5952723774569199e-001 4.9088179144694770e+000 2.7108165052910493e-001 4.0778843220233751e-001 -8.7190786973646217e-001 -2.7281706725909443e+000 0 0 0 1</transform>
        <rotation_covariance>6.6727638431886225e-006 -1.6295597006955599e-006 -2.9682174579386306e-007 -1.6295597006955601e-006 8.3576011547015847e-006 5.3940668631229785e-007 -2.9682174579386279e-007 5.3940668631229764e-007 5.7147425266095245e-007</rotation_covariance>
