colorImage_cam1_1_maya = [94.65232903333451, 26.782656756691367, 17.989605488132216, 0.0, 27.752408430458303, -39.15036337321769, -87.7328494581935, 0.0, -16.454192015240647, 88.03373412958393, -44.48956304940881, 0.0, 129.42445419049133, -237.43323936176282, -375.90257695802984, 1.0];
colorImage_cam2_1_maya = [83.2306042188206, -42.194822092613, 35.948066845698115, 0.0, 18.896350070213806, -39.36912266156718, -89.96110345522897, 0.0, 52.111366086430436, 81.66804252234293, -24.793877372746916, 0.0, 237.0017289739579, -246.24081141272265, -358.73644153946196, 1.0];
colorImage_cam3_1_maya = [17.512878161225444, -93.14760541610856, 31.887657545749853, 0.0, 9.082288827444666, -30.721641069520174, -94.7295772166774, 0.0, 98.03474449482157, 19.486004599212148, 3.0796909901053993, 0.0, 326.003672686766, -351.4111947811579, -308.0083975636313, 1.0];
colorImage_cam4_1_maya = [-53.65577968104112, -81.95502439898745, 20.110476935690702, 0.0, 10.50685289390176, -30.13412775867406, -94.77098916065941, 0.0, 83.72970410245986, -48.737134917691705, 24.779595051760506, 0.0, 301.3742376621688, -465.5455273168638, -261.32167926536323, 1.0];
colorImage_cam5_1_maya = [-94.01872923853306, -29.1833444164078, -17.573017983395133, 0.0, 23.8877394480777, -19.701594077659816, -95.08534637292897, 0.0, 24.2869194512635, -93.59583110092265, 25.494429667976465, 0.0, 196.8451819066758, -542.4568910029345, -261.4069498299119, 1.0];
colorImage_cam6_1_maya = [-83.40070231819054, 41.48230942666075, -36.380501061191254, 0.0, 31.445714903890323, -18.443789563435573, -93.11817030377559, 0.0, -45.337510595706675, -89.1013166635066, 2.3378412721370423, 0.0, 78.92308738846931, -534.6714325155431, -299.8609527232865, 1.0];
colorImage_cam7_1_maya = [-18.922026191729337, 91.69226354582173, -35.135249118841905, 0.0, 44.10831264876883, -24.03149915764937, -86.46932290422052, 0.0, -87.72920653965797, -31.8593134590102, -35.8966637146485, 0.0, 7.7141294378748935, -447.407568524055, -364.9946619260304, 1.0];
colorImage_cam8_1_maya = [53.517949234077534, 84.17311307418439, -7.121526885385583, 0.0, 42.27337814696022, -33.9856145221333, -84.01154388295143, 0.0, -73.13542650332195, 41.95074541594623, -53.771222314762966, 0.0, 31.41504195725815, -317.143947053971, -392.3152374247463, 1.0];
colorImage_cam9_1_maya = [94.76744595957368, 27.43102001801642, 16.330043694689486, 0.0, 27.238167375091017, -42.799575964105266, -86.17585819322782, 0.0, -16.64972745560156, 86.11466447745103, -48.031772167912166, 0.0, 157.3890730318786, -251.73799205505705, -469.62980246799805, 1.0];
colorImage_cam10_1_maya = [81.77255899211696, -47.00130944206218, 33.228384050571364, 0.0, 4.13227838710843, -52.78497508813433, -84.83319326935936, 0.0, 57.412305921397945, 70.7433623435906, -41.22139994118658, 0.0, 274.61950289233886, -287.08499581403527, -468.12465403595087, 1.0];
colorImage_cam11_1_maya = [24.242571175085743, -90.66740703060579, 34.521283944363255, 0.0, -4.371160570172772, -36.56735968856242, -92.97161481160293, 0.0, 96.91847449320828, 21.029729141236007, -12.82808614546924, 0.0, 348.862333645193, -381.87251453266674, -423.85980659720354, 1.0];
colorImage_cam12_1_maya = [-53.703905123796496, -83.12692894026848, 14.345879527370162, 0.0, 3.4883719680369127, -19.18033154093919, -98.08132412948079, 0.0, 84.28357986860121, -52.173063614658545, 13.200363540217875, 0.0, 332.34799343289427, -508.5261214437395, -372.61542243671914, 1.0];
colorImage_cam13_1_maya = [-94.08390076353412, -29.752236793400897, -16.21801538126267, 0.0, 18.873381482943756, -6.260576095826288, -98.00306453549118, 0.0, 28.142762631212058, -95.26599389466196, 11.505447350950027, 0.0, 228.88873813268813, -585.3162713970823, -363.50646771744397, 1.0];
colorImage_cam14_1_maya = [-81.72096686530685, 40.522353618080956, -40.98319694521912, 0.0, 42.25343283627532, -6.236186975332703, -90.41989485483303, 0.0, -39.196058324145135, -91.20881990936999, -12.025813177923615, 0.0, 110.3989183206161, -574.4137861344333, -407.2961943986417, 1.0];
colorImage_cam15_1_maya = [-20.580943538894015, 90.89617835042576, -36.253407072114626, 0.0, 55.76800978385261, -19.54800621952273, -80.670964650174, 0.0, -80.41364217467692, -36.82064928989025, -46.66782551259412, 0.0, 47.152899717308024, -482.497258294117, -476.3469787999649, 1.0];
colorImage_cam16_1_maya = [54.71641173905668, 83.15715531359518, -9.539486702785776, 0.0, 50.797530547236114, -42.048183303841434, -75.1768659306117, 0.0, -66.52612401684495, 36.288259823214986, -65.24903847795926, 0.0, 74.86281819047727, -348.6278681263406, -509.53265311790847, 1.0];
inferredImage1_cam1_1_maya = [94.35274568021674, 27.91919989472709, 17.834731841062528, 0.0, 28.210329496311154, -39.481421441057726, -87.43794754397628, 0.0, -17.370569717596943, 87.53134089131652, -45.127903446252034, 0.0, 133.15346856982146, -242.36736155929117, -371.2608621000468, 1.0];
inferredImage1_cam2_1_maya = [83.09423698268482, -42.39253825611398, 36.030826808017146, 0.0, 18.18367343350471, -40.5118542694827, -89.5999089514708, 0.0, 52.58043172824914, 81.00408856256645, -25.954495476098558, 0.0, 236.68069884301653, -251.60276847988933, -358.6776129858804, 1.0];
inferredImage1_cam3_1_maya = [18.32427527906053, -92.93232058316111, 32.05939373297285, 0.0, 8.815124315110918, -30.92691013355045, -94.68801303702828, 0.0, 97.91074771855412, 20.176967577410217, 2.5249674401436217, 0.0, 319.4622995032219, -355.1430910771809, -306.59579426086435, 1.0];
inferredImage1_cam4_1_maya = [-52.7250475077643, -82.43262326317615, 20.613878510733173, 0.0, 10.630064698656955, -30.468290060003067, -94.65033029695081, 0.0, 84.30344648830416, -47.71316299272966, 24.827061594615802, 0.0, 297.465414257176, -466.73719551579967, -261.1077892155754, 1.0];
inferredImage1_cam5_1_maya = [-94.04189510727544, -29.222357229205098, -17.383204612525475, 0.0, 23.528535456139917, -19.020240136838893, -95.31336991433128, 0.0, 24.546486182779194, -93.72451281871626, 24.762586960431324, 0.0, 194.08004476069166, -537.572282929502, -262.85851910801284, 1.0];
inferredImage1_cam6_1_maya = [-83.31316658264896, 41.473231571294235, -36.590809460923154, 0.0, 31.760764409818158, -18.28651315566079, -93.04223385491062, 0.0, -45.27880429158669, -89.13795207228875, 2.0628577950365985, 0.0, 78.945392051268, -532.3017587228336, -300.36807480269033, 1.0];
inferredImage1_cam7_1_maya = [-18.26159413907362, 91.91094124610068, -34.91264897935383, 0.0, 44.39316060100492, -23.975721449322627, -86.3389371769069, 0.0, -87.72548929104434, -31.265694622706153, -36.423822814286645, 0.0, 7.974866503030989, -446.5274451687985, -365.50650630271207, 1.0];
inferredImage1_cam8_1_maya = [52.70060644535214, 84.61038055229717, -7.98308105229775, 0.0, 42.276287873406496, -34.24865766406067, -83.90318785275586, 0.0, -73.72490463837148, 40.842538498548606, -53.81937834142645, 0.0, 33.19418709401364, -315.54077482956967, -392.3307285400932, 1.0];
inferredImage1_cam9_1_maya = [96.8550440737457, 16.37153868969541, 18.73694634684602, 0.0, 22.46870322950467, -25.197314019710838, -94.1289155434, 0.0, -10.689144617658917, 95.37855150464327, -28.083342041482236, 0.0, 180.5630224337451, -237.95051869390542, -405.08183608931927, 1.0];
inferredImage1_cam10_1_maya = [82.24212968720514, -46.464634614956765, 32.821789022103786, 0.0, 4.120234268212266, -52.678855013558156, -84.89971674885356, 0.0, 56.738485828298074, 71.17566975139104, -41.40976045998022, 0.0, 272.48159848998426, -289.8542736671915, -465.61431815146693, 1.0];
inferredImage1_cam11_1_maya = [25.598329267223907, -90.25040666501742, 34.63509254391801, 0.0, -5.247928571269421, -37.073455530362054, -92.7254988703168, 0.0, 96.52556544479624, 21.91855359820179, -14.226462094460214, 0.0, 347.39624518945254, -383.00488554148967, -422.92574524582875, 1.0];
