colorImage_cam1_1_maya = [94.65232903333451, 26.782656756691367, 17.989605488132216, 0.0, 27.752408430458303, -39.15036337321769, -87.7328494581935, 0.0, -16.454192015240647, 88.03373412958393, -44.48956304940881, 0.0, 129.42445419049133, -237.43323936176282, -375.90257695802984, 1.0];
colorImage_cam2_1_maya = [83.2306042188206, -42.194822092613, 35.948066845698115, 0.0, 18.896350070213806, -39.36912266156718, -89.96110345522897, 0.0, 52.111366086430436, 81.66804252234293, -24.793877372746916, 0.0, 237.0017289739579, -246.24081141272265, -358.73644153946196, 1.0];
colorImage_cam3_1_maya = [17.512878161225444, -93.14760541610856, 31.887657545749853, 0.0, 9.082288827444666, -30.721641069520174, -94.7295772166774, 0.0, 98.03474449482157, 19.486004599212148, 3.0796909901053993, 0.0, 326.003672686766, -351.4111947811579, -308.0083975636313, 1.0];
colorImage_cam4_1_maya = [-53.65577968104112, -81.95502439898745, 20.110476935690702, 0.0, 10.50685289390176, -30.13412775867406, -94.77098916065941, 0.0, 83.72970410245986, -48.737134917691705, 24.779595051760506, 0.0, 301.3742376621688, -465.5455273168638, -261.32167926536323, 1.0];
colorImage_cam5_1_maya = [-94.01872923853306, -29.1833444164078, -17.573017983395133, 0.0, 23.8877394480777, -19.701594077659816, -95.08534637292897, 0.0, 24.2869194512635, -93.59583110092265, 25.494429667976465, 0.0, 196.8451819066758, -542.4568910029345, -261.4069498299119, 1.0];
colorImage_cam6_1_maya = [-83.40070231819054, 41.48230942666075, -36.380501061191254, 0.0, 31.445714903890323, -18.443789563435573, -93.11817030377559, 0.0, -45.337510595706675, -89.1013166635066, 2.3378412721370423, 0.0, 78.92308738846931, -534.6714325155431, -299.8609527232865, 1.0];
colorImage_cam7_1_maya = [-18.922026191729337, 91.69226354582173, -35.135249118841905, 0.0, 44.10831264876883, -24.03149915764937, -86.46932290422052, 0.0, -87.72920653965797, -31.8593134590102, -35.8966637146485, 0.0, 7.7141294378748935, -447.407568524055, -364.9946619260304, 1.0];
colorImage_cam8_1_maya = [53.517949234077534, 84.17311307418439, -7.121526885385583, 0.0, 42.27337814696022, -33.9856145221333, -84.01154388295143, 0.0, -73.13542650332195, 41.95074541594623, -53.771222314762966, 0.0, 31.41504195725815, -317.143947053971, -392.3152374247463, 1.0];
colorImage_cam9_1_maya = [94.76744595957368, 27.43102001801642, 16.330043694689486, 0.0, 27.238167375091017, -42.799575964105266, -86.17585819322782, 0.0, -16.64972745560156, 86.11466447745103, -48.031772167912166, 0.0, 157.3890730318786, -251.73799205505705, -469.62980246799805, 1.0];
colorImage_cam10_1_maya = [81.77255899211696, -47.00130944206218, 33.228384050571364, 0.0, 4.13227838710843, -52.78497508813433, -84.83319326935936, 0.0, 57.412305921397945, 70.7433623435906, -41.22139994118658, 0.0, 274.61950289233886, -287.08499581403527, -468.12465403595087, 1.0];
colorImage_cam11_1_maya = [24.242571175085743, -90.66740703060579, 34.521283944363255, 0.0, -4.371160570172772, -36.56735968856242, -92.97161481160293, 0.0, 96.91847449320828, 21.029729141236007, -12.82808614546924, 0.0, 348.862333645193, -381.87251453266674, -423.85980659720354, 1.0];
colorImage_cam12_1_maya = [-53.703905123796496, -83.12692894026848, 14.345879527370162, 0.0, 3.4883719680369127, -19.18033154093919, -98.08132412948079, 0.0, 84.28357986860121, -52.173063614658545, 13.200363540217875, 0.0, 332.34799343289427, -508.5261214437395, -372.61542243671914, 1.0];
colorImage_cam13_1_maya = [-94.08390076353412, -29.752236793400897, -16.21801538126267, 0.0, 18.873381482943756, -6.260576095826288, -98.00306453549118, 0.0, 28.142762631212058, -95.26599389466196, 11.505447350950027, 0.0, 228.88873813268813, -585.3162713970823, -363.50646771744397, 1.0];
colorImage_cam14_1_maya = [-81.72096686530685, 40.522353618080956, -40.98319694521912, 0.0, 42.25343283627532, -6.236186975332703, -90.41989485483303, 0.0, -39.196058324145135, -91.20881990936999, -12.025813177923615, 0.0, 110.3989183206161, -574.4137861344333, -407.2961943986417, 1.0];
colorImage_cam15_1_maya = [-20.580943538894015, 90.89617835042576, -36.253407072114626, 0.0, 55.76800978385261, -19.54800621952273, -80.670964650174, 0.0, -80.41364217467692, -36.82064928989025, -46.66782551259412, 0.0, 47.152899717308024, -482.497258294117, -476.3469787999649, 1.0];
colorImage_cam16_1_maya = [54.71641173905668, 83.15715531359518, -9.539486702785776, 0.0, 50.797530547236114, -42.048183303841434, -75.1768659306117, 0.0, -66.52612401684495, 36.288259823214986, -65.24903847795926, 0.0, 74.86281819047727, -348.6278681263406, -509.53265311790847, 1.0];
inferredImage1_cam1_1_maya = [94.35274568021674, 27.91919989472709, 17.834731841062528, 0.0, 28.210329496311154, -39.481421441057726, -87.43794754397628, 0.0, -17.370569717596943, 87.53134089131652, -45.127903446252034, 0.0, 133.15346856982146, -242.36736155929117, -371.2608621000468, 1.0];
inferredImage1_cam2_1_maya = [83.09423698268482, -42.39253825611398, 36.030826808017146, 0.0, 18.18367343350471, -40.5118542694827, -89.5999089514708, 0.0, 52.58043172824914, 81.00408856256645, -25.954495476098558, 0.0, 236.68069884301653, -251.60276847988933, -358.6776129858804, 1.0];
inferredImage1_cam3_1_maya = [18.32427527906053, -92.93232058316111, 32.05939373297285, 0.0, 8.815124315110918, -30.92691013355045, -94.68801303702828, 0.0, 97.91074771855412, 20.176967577410217, 2.5249674401436217, 0.0, 319.4622995032219, -355.1430910771809, -306.59579426086435, 1.0];
inferredImage1_cam4_1_maya = [-52.7250475077643, -82.43262326317615, 20.613878510733173, 0.0, 10.630064698656955, -30.468290060003067, -94.65033029695081, 0.0, 84.30344648830416, -47.71316299272966, 24.827061594615802, 0.0, 297.465414257176, -466.73719551579967, -261.1077892155754, 1.0];
inferredImage1_cam5_1_maya = [-94.04189510727544, -29.222357229205098, -17.383204612525475, 0.0, 23.528535456139917, -19.020240136838893, -95.31336991433128, 0.0, 24.546486182779194, -93.72451281871626, 24.762586960431324, 0.0, 194.08004476069166, -537.572282929502, -262.85851910801284, 1.0];
inferredImage1_cam6_1_maya = [-83.31316658264896, 41.473231571294235, -36.590809460923154, 0.0, 31.760764409818158, -18.28651315566079, -93.04223385491062, 0.0, -45.27880429158669, -89.13795207228875, 2.0628577950365985, 0.0, 78.945392051268, -532.3017587228336, -300.36807480269033, 1.0];
inferredImage1_cam7_1_maya = [-18.26159413907362, 91.91094124610068, -34.91264897935383, 0.0, 44.39316060100492, -23.975721449322627, -86.3389371769069, 0.0, -87.72548929104434, -31.265694622706153, -36.423822814286645, 0.0, 7.974866503030989, -446.5274451687985, -365.50650630271207, 1.0];
inferredImage1_cam8_1_maya = [52.70060644535214, 84.61038055229717, -7.98308105229775, 0.0, 42.276287873406496, -34.24865766406067, -83.90318785275586, 0.0, -73.72490463837148, 40.842538498548606, -53.81937834142645, 0.0, 33.19418709401364, -315.54077482956967, -392.3307285400932, 1.0];
inferredImage1_cam9_1_maya = [96.8550440737457, 16.37153868969541, 18.73694634684602, 0.0, 22.46870322950467, -25.197314019710838, -94.1289155434, 0.0, -10.689144617658917, 95.37855150464327, -28.083342041482236, 0.0, 180.5630224337451, -237.95051869390542, -405.08183608931927, 1.0];
inferredImage1_cam10_1_maya = [82.24212968720514, -46.464634614956765, 32.821789022103786, 0.0, 4.120234268212266, -52.678855013558156, -84.89971674885356, 0.0, 56.738485828298074, 71.17566975139104, -41.40976045998022, 0.0, 272.48159848998426, -289.8542736671915, -465.61431815146693, 1.0];
inferredImage1_cam11_1_maya = [25.598329267223907, -90.25040666501742, 34.63509254391801, 0.0, -5.247928571269421, -37.073455530362054, -92.7254988703168, 0.0, 96.52556544479624, 21.91855359820179, -14.226462094460214, 0.0, 347.39624518945254, -383.00488554148967, -422.92574524582875, 1.0];
inferredImage1_cam12_1_maya = [-53.279802746359614, -83.42397288114562, 14.202231093560375, 0.0, 2.9688194113479516, -18.615037175973058, -98.20726298110513, 0.0, 84.57215103455637, -51.90299740538135, 12.394762189133058, 0.0, 325.35695566121893, -505.9263720779975, -371.1634056014561, 1.0];
inferredImage1_cam13_1_maya = [-93.88137681930299, -30.5629106012277, -15.880666928482636, 0.0, 18.330881815785975, -5.301953500943624, -98.16245749230976, 0.0, 29.159318551154886, -95.0673328996622, 10.579997966780487, 0.0, 227.33947362898462, -583.4912096152979, -363.90870928596854, 1.0];
inferredImage1_cam14_1_maya = [-81.24158491014836, 41.44138233221626, -41.01727333309997, 0.0, 42.508847560771954, -6.054001432443146, -90.31249606622016, 0.0, -39.90993310370504, -90.80727337086525, -12.697887328478586, 0.0, 115.5920446621919, -568.78028975526, -406.6666366420134, 1.0];
inferredImage1_cam15_1_maya = [-20.195722620757508, 91.00445936631255, -36.19835857149587, 0.0, 54.63945957703194, -20.204404978414072, -81.27921921744898, 0.0, -81.28137698732294, -36.19351316069499, -45.643919202137766, 0.0, 55.39623615496924, -480.25907794808705, -472.79156651756534, 1.0];
inferredImage1_cam16_1_maya = [55.945324350713, 82.46661559972964, -8.329345401647661, 0.0, 51.806007669700385, -42.634660302997666, -74.1513540683846, 0.0, -64.70130023902504, 37.16911422638998, -66.57476019487501, 0.0, 79.3505691796982, -346.69436677613567, -509.4052599718999, 1.0];
inferredImage2_cam1_1_maya = [94.37521152783086, 27.81423898088202, 17.87980869560885, 0.0, 28.203426480633514, -39.48876983406553, -87.43685602618442, 0.0, -17.25937958991245, 87.56143652834038, -45.11217850275836, 0.0, 138.52615224805675, -240.7825712074565, -370.2229672013395, 1.0];
inferredImage2_cam2_1_maya = [82.94339646522192, -42.66262674172187, 36.059579341827146, 0.0, 18.144578474160134, -40.476331890520015, -89.623885369267, 0.0, 52.831498699242424, 80.87995324049702, -25.831490646243324, 0.0, 242.04930568439153, -254.24813580011673, -356.35690941255575, 1.0];
inferredImage2_cam3_1_maya = [17.996687076243102, -93.01014755077556, 32.019239635924265, 0.0, 8.77297755891013, -30.903351125579807, -94.6996185523468, 0.0, 97.97527299798988, 19.85183472105499, 2.598179973995496, 0.0, 320.614767025664, -361.1939442598841, -304.4897140967964, 1.0];
inferredImage2_cam4_1_maya = [-52.897793598808335, -82.34272828292004, 20.530429398896576, 0.0, 10.664215090392348, -30.45035151747646, -94.65226151005568, 0.0, 84.19084242887537, -47.87954878011407, 24.888769751214216, 0.0, 294.2725705711725, -471.7339286400698, -259.8510804040978, 1.0];
inferredImage2_cam5_1_maya = [-94.06347021492459, -29.11676471535946, -17.44355421456283, 0.0, 23.569979038824602, -19.05304452027452, -95.29657697219669, 0.0, 24.423751948367048, -93.75070936808338, 24.78477019755882, 0.0, 188.60647187676355, -539.2810441929468, -263.8616401575796, 1.0];
inferredImage2_cam6_1_maya = [-83.18791047153536, 41.64845834543109, -36.67666109160861, 0.0, 31.833682946098936, -18.322974435677473, -93.01013513546125, 0.0, -45.457542624597245, -89.04871995305945, 1.984261387651043, 0.0, 73.81577088927067, -529.7427586871792, -302.63698850307986, 1.0];
inferredImage2_cam7_1_maya = [-17.964762703678193, 91.99548366214593, -34.84391319539721, 0.0, 44.398277036359865, -24.02521040650567, -86.32254781414747, 0.0, -87.78416883016651, -30.97773798538192, -36.52833765867059, 0.0, 6.792449568581178, -440.57377754240736, -367.751793697819, 1.0];
inferredImage2_cam8_1_maya = [52.88882964483129, 84.50192740483443, -7.886441762170572, 0.0, 42.2344774732242, -34.26596414147128, -83.91717710945194, 0.0, -73.61399738747878, 41.052015374686505, -53.81181489517677, 0.0, 36.3558002519676, -310.3677938351565, -392.8344800814905, 1.0];
inferredImage2_cam9_1_maya = [94.82559435791163, 27.108165052910504, 16.530397518903257, 0.0, 26.86992389372211, -40.778843220233796, -87.26450100450455, 0.0, -16.91490007698486, 87.19078697364624, -45.95272377456928, 0.0, 162.13939051666196, -256.12289182027706, -460.8438366061178, 1.0];
inferredImage2_cam10_1_maya = [82.03263197040201, -46.728931343397974, 32.97050602451489, 0.0, 4.113303702861285, -52.68102767272655, -84.8987046779481, 0.0, 57.041458823005236, 71.00081900125814, -41.293530685737906, 0.0, 277.8975897270402, -292.9341872586235, -463.4114358726988, 1.0];
inferredImage2_cam11_1_maya = [25.106394520856245, -90.37565572456656, 34.66857087504091, 0.0, -5.278842844749462, -37.040783080143555, -92.73680071595193, 0.0, 96.65300187983586, 21.452767680753134, -14.0703939693271, 0.0, 349.3086589767697, -389.38547708637225, -420.4854345727294, 1.0];
inferredImage2_cam12_1_maya = [-51.90600451191708, -84.23880943775772, 14.477212442938804, 0.0, 2.94960330478311, -18.69285569925141, -98.19305976570536, 0.0, 85.42286892836867, -50.541073695719064, 12.18742522974562, 0.0, 325.5886421075285, -506.18811385956536, -371.06391526991956, 1.0];
inferredImage2_cam13_1_maya = [-93.9515416257994, -30.316881586064206, -15.937205433583603, 0.0, 18.36118179500307, -5.301194464963465, -98.15683542339517, 0.0, 28.913229311623656, -95.14611935408192, 10.54709166700778, 0.0, 221.4080295339384, -585.4425086277055, -364.9052429566214, 1.0];
inferredImage2_cam14_1_maya = [-81.21496437394362, 41.487150570714654, -41.02372361526831, 0.0, 42.49579236520567, -6.116132857054723, -90.31445371660165, 0.0, -39.977958839745654, -90.78220781848007, -12.663078243851109, 0.0, 111.04580676898063, -566.5118206997336, -408.8337401339586, 1.0];
inferredImage2_cam15_1_maya = [-20.081864843590736, 91.05228394714247, -36.14139306131815, 0.0, 54.60289003792825, -20.22686812262409, -81.29820542580194, 0.0, -81.3341447604244, -36.060440845321274, -45.65524616220367, 0.0, 54.10755853027347, -474.8778630687644, -474.858670406018, 1.0];
inferredImage2_cam16_1_maya = [56.13163408781194, 82.35528316101113, -8.17600086238194, 0.0, 51.799660984128636, -42.665764537856184, -74.13789623620004, 0.0, -64.54482765149608, 37.379671906932224, -66.60874831107981, 0.0, 82.8327835520217, -341.5571238164743, -509.8372899197271, 1.0];

colorImage_cam1_1_maya = reshape(colorImage_cam1_1_maya, 4, 4);
colorImage_cam2_1_maya = reshape(colorImage_cam2_1_maya, 4, 4);
colorImage_cam3_1_maya = reshape(colorImage_cam3_1_maya, 4, 4);
colorImage_cam4_1_maya = reshape(colorImage_cam4_1_maya, 4, 4);
colorImage_cam5_1_maya = reshape(colorImage_cam5_1_maya, 4, 4);
colorImage_cam6_1_maya = reshape(colorImage_cam6_1_maya, 4, 4);
colorImage_cam7_1_maya = reshape(colorImage_cam7_1_maya, 4, 4);
colorImage_cam8_1_maya = reshape(colorImage_cam8_1_maya, 4, 4);
colorImage_cam9_1_maya = reshape(colorImage_cam9_1_maya, 4, 4);
colorImage_cam10_1_maya = reshape(colorImage_cam10_1_maya, 4, 4);
colorImage_cam11_1_maya = reshape(colorImage_cam11_1_maya, 4, 4);
colorImage_cam12_1_maya = reshape(colorImage_cam12_1_maya, 4, 4);
colorImage_cam13_1_maya = reshape(colorImage_cam13_1_maya, 4, 4);
colorImage_cam14_1_maya = reshape(colorImage_cam14_1_maya, 4, 4);
colorImage_cam15_1_maya = reshape(colorImage_cam15_1_maya, 4, 4);
colorImage_cam16_1_maya = reshape(colorImage_cam16_1_maya, 4, 4);
inferredImage1_cam1_1_maya = reshape(inferredImage1_cam1_1_maya, 4, 4);
inferredImage1_cam2_1_maya = reshape(inferredImage1_cam2_1_maya, 4, 4);
inferredImage1_cam3_1_maya = reshape(inferredImage1_cam3_1_maya, 4, 4);
inferredImage1_cam4_1_maya = reshape(inferredImage1_cam4_1_maya, 4, 4);
inferredImage1_cam5_1_maya = reshape(inferredImage1_cam5_1_maya, 4, 4);
inferredImage1_cam6_1_maya = reshape(inferredImage1_cam6_1_maya, 4, 4);
inferredImage1_cam7_1_maya = reshape(inferredImage1_cam7_1_maya, 4, 4);
inferredImage1_cam8_1_maya = reshape(inferredImage1_cam8_1_maya, 4, 4);
inferredImage1_cam9_1_maya = reshape(inferredImage1_cam9_1_maya, 4, 4);
inferredImage1_cam10_1_maya = reshape(inferredImage1_cam10_1_maya, 4, 4);
inferredImage1_cam11_1_maya = reshape(inferredImage1_cam11_1_maya, 4, 4);
inferredImage1_cam12_1_maya = reshape(inferredImage1_cam12_1_maya, 4, 4);
inferredImage1_cam13_1_maya = reshape(inferredImage1_cam13_1_maya, 4, 4);
inferredImage1_cam14_1_maya = reshape(inferredImage1_cam14_1_maya, 4, 4);
inferredImage1_cam15_1_maya = reshape(inferredImage1_cam15_1_maya, 4, 4);
inferredImage1_cam16_1_maya = reshape(inferredImage1_cam16_1_maya, 4, 4);
inferredImage2_cam1_1_maya = reshape(inferredImage2_cam1_1_maya, 4, 4);
inferredImage2_cam2_1_maya = reshape(inferredImage2_cam2_1_maya, 4, 4);
inferredImage2_cam3_1_maya = reshape(inferredImage2_cam3_1_maya, 4, 4);
inferredImage2_cam4_1_maya = reshape(inferredImage2_cam4_1_maya, 4, 4);
inferredImage2_cam5_1_maya = reshape(inferredImage2_cam5_1_maya, 4, 4);
inferredImage2_cam6_1_maya = reshape(inferredImage2_cam6_1_maya, 4, 4);
inferredImage2_cam7_1_maya = reshape(inferredImage2_cam7_1_maya, 4, 4);
inferredImage2_cam8_1_maya = reshape(inferredImage2_cam8_1_maya, 4, 4);
inferredImage2_cam9_1_maya = reshape(inferredImage2_cam9_1_maya, 4, 4);
inferredImage2_cam10_1_maya = reshape(inferredImage2_cam10_1_maya, 4, 4);
inferredImage2_cam11_1_maya = reshape(inferredImage2_cam11_1_maya, 4, 4);
inferredImage2_cam12_1_maya = reshape(inferredImage2_cam12_1_maya, 4, 4);
inferredImage2_cam13_1_maya = reshape(inferredImage2_cam13_1_maya, 4, 4);
inferredImage2_cam14_1_maya = reshape(inferredImage2_cam14_1_maya, 4, 4);
inferredImage2_cam15_1_maya = reshape(inferredImage2_cam15_1_maya, 4, 4);
inferredImage2_cam16_1_maya = reshape(inferredImage2_cam16_1_maya, 4, 4);

colorImage_cam1_1_maya_trans = colorImage_cam1_1_maya(1:3,4)';
colorImage_cam2_1_maya_trans = colorImage_cam2_1_maya(1:3,4)';
colorImage_cam3_1_maya_trans = colorImage_cam3_1_maya(1:3,4)';
colorImage_cam4_1_maya_trans = colorImage_cam4_1_maya(1:3,4)';
colorImage_cam5_1_maya_trans = colorImage_cam5_1_maya(1:3,4)';
colorImage_cam6_1_maya_trans = colorImage_cam6_1_maya(1:3,4)';
colorImage_cam7_1_maya_trans = colorImage_cam7_1_maya(1:3,4)';
colorImage_cam8_1_maya_trans = colorImage_cam8_1_maya(1:3,4)';
colorImage_cam9_1_maya_trans = colorImage_cam9_1_maya(1:3,4)';
colorImage_cam10_1_maya_trans = colorImage_cam10_1_maya(1:3,4)';
colorImage_cam11_1_maya_trans = colorImage_cam11_1_maya(1:3,4)';
colorImage_cam12_1_maya_trans = colorImage_cam12_1_maya(1:3,4)';
colorImage_cam13_1_maya_trans = colorImage_cam13_1_maya(1:3,4)';
colorImage_cam14_1_maya_trans = colorImage_cam14_1_maya(1:3,4)';
colorImage_cam15_1_maya_trans = colorImage_cam15_1_maya(1:3,4)';
colorImage_cam16_1_maya_trans = colorImage_cam16_1_maya(1:3,4)';

colorImage_cam_1_maya_x = [colorImage_cam1_1_maya_trans(1),colorImage_cam2_1_maya_trans(1),colorImage_cam3_1_maya_trans(1),colorImage_cam4_1_maya_trans(1),colorImage_cam5_1_maya_trans(1),colorImage_cam6_1_maya_trans(1),colorImage_cam7_1_maya_trans(1),colorImage_cam8_1_maya_trans(1),colorImage_cam9_1_maya_trans(1),colorImage_cam10_1_maya_trans(1),colorImage_cam11_1_maya_trans(1),colorImage_cam12_1_maya_trans(1),colorImage_cam13_1_maya_trans(1),colorImage_cam14_1_maya_trans(1),colorImage_cam15_1_maya_trans(1),colorImage_cam16_1_maya_trans(1)];
colorImage_cam_1_maya_y = [colorImage_cam1_1_maya_trans(2),colorImage_cam2_1_maya_trans(2),colorImage_cam3_1_maya_trans(2),colorImage_cam4_1_maya_trans(2),colorImage_cam5_1_maya_trans(2),colorImage_cam6_1_maya_trans(2),colorImage_cam7_1_maya_trans(2),colorImage_cam8_1_maya_trans(2),colorImage_cam9_1_maya_trans(2),colorImage_cam10_1_maya_trans(2),colorImage_cam11_1_maya_trans(2),colorImage_cam12_1_maya_trans(2),colorImage_cam13_1_maya_trans(2),colorImage_cam14_1_maya_trans(2),colorImage_cam15_1_maya_trans(2),colorImage_cam16_1_maya_trans(2)];
colorImage_cam_1_maya_z = [colorImage_cam1_1_maya_trans(3),colorImage_cam2_1_maya_trans(3),colorImage_cam3_1_maya_trans(3),colorImage_cam4_1_maya_trans(3),colorImage_cam5_1_maya_trans(3),colorImage_cam6_1_maya_trans(3),colorImage_cam7_1_maya_trans(3),colorImage_cam8_1_maya_trans(3),colorImage_cam9_1_maya_trans(3),colorImage_cam10_1_maya_trans(3),colorImage_cam11_1_maya_trans(3),colorImage_cam12_1_maya_trans(3),colorImage_cam13_1_maya_trans(3),colorImage_cam14_1_maya_trans(3),colorImage_cam15_1_maya_trans(3),colorImage_cam16_1_maya_trans(3)];

colorImage_cam1_1_xml = [9.4652329033334492e-001 -2.7752408430458309e-001 1.6454192015240640e-001 1.3786038324382006e+000 -1.7989605488132218e-001 -8.7732849458193463e-001 -4.4489563049408831e-001 4.0040403218931138e+000 2.6782656756691370e-001 3.9150363373217700e-001 -8.8033734129583907e-001 -2.5290921702522513e+000 0 0 0 1];
colorImage_cam2_1_xml = [8.3230604218820603e-001 -1.8896350070213797e-001 -5.2111366086430455e-001 2.5244958064654726e+000 -3.5948066845698112e-001 -8.9961103455228908e-001 -2.4793877372746898e-001 3.8211900234374641e+000 -4.2194822092613005e-001 3.9369122661567185e-001 -8.1668042522342899e-001 -2.6229086955748726e+000 0 0 0 1];
colorImage_cam3_1_xml = [1.7512878161225442e-001 -9.0822888274446359e-002 -9.8034744494821580e-001 3.4725270070941767e+000 -3.1887657545749870e-001 -9.4729577216677385e-001 3.0796909901053444e-002 3.2808448755704118e+000 -9.3147605416108548e-001 3.0721641069520189e-001 -1.9486004599212153e-001 -3.7431629356068301e+000 0 0 0 1];
colorImage_cam4_1_xml = [-5.3655779681041116e-001 -1.0506852893901664e-001 -8.3729704102459845e-001 3.2101791090244474e+000 -2.0110476935690719e-001 -9.4770989160659413e-001 2.4779595051760406e-001 2.7835471340228670e+000 -8.1955024398987386e-001 3.0134127758674051e-001 4.8737134917691760e-001 -4.9588993992500372e+000 0 0 0 1];
colorImage_cam5_1_xml = [-9.4018729238532983e-001 -2.3887739448077672e-001 -2.4286919451263483e-001 2.0967561645971795e+000 1.7573017983395123e-001 -9.5085346372928947e-001 2.5494429667976454e-001 2.7844554193064806e+000 -2.9183344416407775e-001 1.9701594077659773e-001 9.3595831100922644e-001 -5.7781441192594896e+000 0 0 0 1];
colorImage_cam6_1_xml = [-8.3400702318190556e-001 -3.1445714903890309e-001 4.5337510595706687e-001 8.4067320524649747e-001 3.6380501061191262e-001 -9.3118170303775605e-001 2.3378412721370867e-002 3.1940598954696156e+000 4.1482309426660741e-001 1.8443789563435592e-001 8.9101316663506591e-001 -5.6952149465993598e+000 0 0 0 1];
colorImage_cam7_1_xml = [-1.8922026191729358e-001 -4.4108312648768888e-001 8.7729206539657989e-001 8.2169389652793190e-002 3.5135249118841938e-001 -8.6469322904220458e-001 -3.5896663714648491e-001 3.8878513562059065e+000 9.1692263545821728e-001 2.4031499157649380e-001 3.1859313459010208e-001 -4.7656974293381600e+000 0 0 0 1];
colorImage_cam8_1_xml = [5.3517949234077533e-001 -4.2273378146960178e-001 7.3135426503321965e-001 3.3462684860729219e-001 7.1215268853855984e-002 -8.4011543882951423e-001 -5.3771222314762945e-001 4.1788647533457635e+000 8.4173113074184380e-001 3.3985614522133312e-001 -4.1950745415946206e-001 -3.3781549520747673e+000 0 0 0 1];
colorImage_cam9_1_xml = [9.4767445959573671e-001 -2.7238167375090994e-001 1.6649727455601582e-001 1.6764774526017259e+000 -1.6330043694689475e-001 -8.6175858193227828e-001 -4.8031772167912151e-001 5.0024042949152596e+000 2.7431020018016422e-001 4.2799575964105241e-001 -8.6114664477451042e-001 -2.6814635826596054e+000 0 0 0 1];
colorImage_cam10_1_xml = [8.1772558992116962e-001 -4.1322783871083957e-002 -5.7412305921397966e-001 2.9251929360461348e+000 -3.3228384050571358e-001 -8.4833193269359342e-001 -4.1221399941186604e-001 4.9863717498310480e+000 -4.7001309442062189e-001 5.2784975088134334e-001 -7.0743362343590621e-001 -3.0579729150892643e+000 0 0 0 1];
colorImage_cam11_1_xml = [2.4242571175085728e-001 4.3711605701727524e-002 -9.6918474493208318e-001 3.7160129680649763e+000 -3.4521283944363268e-001 -9.2971614811602943e-001 -1.2828086145469234e-001 4.5148713003755487e+000 -9.0667407030605818e-001 3.6567359688562417e-001 -2.1029729141236000e-001 -4.0676309228447529e+000 0 0 0 1];
colorImage_cam12_1_xml = [-5.3703905123796536e-001 -3.4883719680369241e-002 -8.4283579868601199e-001 3.5401054639594967e+000 -1.4345879527370164e-001 -9.8081324129480785e-001 1.3200363540217919e-001 3.9690261984089568e+000 -8.3126928940268474e-001 1.9180331540939188e-001 5.2173063614658566e-001 -5.4167202349985173e+000 0 0 0 1];
colorImage_cam13_1_xml = [-9.4083900763534056e-001 -1.8873381482943768e-001 -2.8142762631212048e-001 2.4380778235868390e+000 1.6218015381262676e-001 -9.8003064535491158e-001 1.1505447350950024e-001 3.8719994041756509e+000 -2.9752236793400877e-001 6.2605760958262729e-002 9.5265993894661949e-001 -6.2346738101657690e+000 0 0 0 1];
colorImage_cam14_1_xml = [-8.1720966865306899e-001 -4.2253432836275345e-001 3.9196058324145189e-001 1.1759475660590806e+000 4.0983196945219125e-001 -9.0419894854833061e-001 -1.2025813177923558e-001 4.3384389607625984e+000 4.0522353618080997e-001 6.2361869753327526e-002 9.1208819909369987e-001 -6.1185426813138202e+000 0 0 0 1];
colorImage_cam15_1_xml = [-2.0580943538894009e-001 -5.5768009783852657e-001 8.0413642174676914e-001 5.0226341434036992e-001 3.6253407072114691e-001 -8.0670964650173960e-001 -4.6667825512594130e-001 5.0739543361523127e+000 9.0896178350425738e-001 1.9548006219522740e-001 3.6820649289890267e-001 -5.1394659037632122e+000 0 0 0 1];
colorImage_cam16_1_xml = [5.4716411739056703e-001 -5.0797530547236114e-001 6.6526124016844990e-001 7.9742401627295201e-001 9.5394867027857877e-002 -7.5176865930611758e-001 -6.5249038477959309e-001 5.4274416124395790e+000 8.3157155313595210e-001 4.2048183303841419e-001 -3.6288259823214997e-001 -3.7135154874699343e+000 0 0 0 1];
inferredImage1_cam1_1_xml = [9.4352745680216810e-001 -2.8210329496311165e-001 1.7370569717596951e-001 1.4183245602304553e+000 -1.7834731841062529e-001 -8.7437947543976269e-001 -4.5127903446252043e-001 3.9545976881008755e+000 2.7919199894727104e-001 3.9481421441057729e-001 -8.7531340891316511e-001 -2.5816494695182715e+000 0 0 0 1];
inferredImage1_cam2_1_xml = [8.3094236982684810e-001 -1.8183673433504666e-001 -5.2580431728249133e-001 2.5210762566469156e+000 -3.6030826808017141e-001 -8.9599908951470730e-001 -2.5954495476098566e-001 3.8205633932543854e+000 -4.2392538256113965e-001 4.0511854269482694e-001 -8.1004088562566445e-001 -2.6800232077310171e+000 0 0 0 1];
inferredImage1_cam3_1_xml = [1.8324275279060556e-001 -8.8151243151109324e-002 -9.7910747718554136e-001 3.4028495864193373e+000 -3.2059393732972891e-001 -9.4688013037028262e-001 2.5249674401436037e-002 3.2657981030026626e+000 -9.2932320583161110e-001 3.0926910133550484e-001 -2.0176967577410240e-001 -3.7829143610089173e+000 0 0 0 1];
inferredImage1_cam4_1_xml = [-5.2725047507764300e-001 -1.0630064698656985e-001 -8.4303446488304157e-001 3.1685430908534475e+000 -2.0613878510733191e-001 -9.4650330296950791e-001 2.4827061594615879e-001 2.7812688192777726e+000 -8.2432623263176108e-001 3.0468290060003084e-001 4.7713162992729696e-001 -4.9715928145425572e+000 0 0 0 1];
inferredImage1_cam5_1_xml = [-9.4041895107275464e-001 -2.3528535456139926e-001 -2.4546486182779226e-001 2.0673024675310878e+000 1.7383204612525482e-001 -9.5313369914331258e-001 2.4762586960431288e-001 2.7999172497801417e+000 -2.9222357229205131e-001 1.9020240136838881e-001 9.3724512818716244e-001 -5.7261142347055127e+000 0 0 0 1];
inferredImage1_cam6_1_xml = [-8.3313166582648979e-001 -3.1760764409818204e-001 4.5278804291586694e-001 8.4091079012802461e-001 3.6590809460923202e-001 -9.3042233854910550e-001 2.0628577950365684e-002 3.1994616601249350e+000 4.1473231571294245e-001 1.8286513155660811e-001 8.9137952072288729e-001 -5.6699736473975140e+000 0 0 0 1];
inferredImage1_cam7_1_xml = [-1.8261594139073639e-001 -4.4393160601004922e-001 8.7725489291044390e-001 8.4946709592300010e-002 3.4912648979353822e-001 -8.6338937176906927e-001 -3.6423822814286622e-001 3.8933034218431049e+000 9.1910941246100719e-001 2.3975721449322596e-001 3.1265694622706142e-001 -4.7563225284497301e+000 0 0 0 1];
inferredImage1_cam8_1_xml = [5.2700606445352138e-001 -4.2276287873406465e-001 7.3724904638371513e-001 3.5357795270377834e-001 7.9830810522977663e-002 -8.3903187852755878e-001 -5.3819378341426438e-001 4.1790297616598391e+000 8.4610380552297204e-001 3.4248657664060661e-001 -4.0842538498548614e-001 -3.3610782768325045e+000 0 0 0 1];
inferredImage1_cam9_1_xml = [9.6855044073745711e-001 -2.2468703229504669e-001 1.0689144617658937e-001 1.9233218040650149e+000 -1.8736946346846020e-001 -9.4128915543400005e-001 -2.8083342041482223e-001 4.3148520515442668e+000 1.6371538689695417e-001 2.5197314019710848e-001 -9.5378551504643272e-001 -2.5346021279661413e+000 0 0 0 1];
inferredImage1_cam10_1_xml = [8.2242129687205123e-001 -4.1202342682122389e-002 -5.6738485828298091e-001 2.9024203988088173e+000 -3.2821789022103792e-001 -8.4899716748853582e-001 -4.1409760459980238e-001 4.9596321456912991e+000 -4.6464634614956762e-001 5.2678855013558201e-001 -7.1175669751391035e-001 -3.0874707181538090e+000 0 0 0 1];
inferredImage1_cam11_1_xml = [2.5598329267223885e-001 5.2479285712694071e-002 -9.6525565444796246e-001 3.7003964821665507e+000 -3.4635092543918006e-001 -9.2725498870316891e-001 -1.4226462094460160e-001 4.5049218625603240e+000 -9.0250406665017457e-001 3.7073455530362076e-001 -2.1918553598201790e-001 -4.0796927161300269e+000 0 0 0 1];
inferredImage1_cam12_1_xml = [-5.3279802746359639e-001 -2.9688194113479647e-002 -8.4572151034556420e-001 3.4656383045263457e+000 -1.4202231093560383e-001 -9.8207262981105148e-001 1.2394762189133096e-001 3.9535596006444251e+000 -8.3423972881145647e-001 1.8615037175973073e-001 5.1902997405381335e-001 -5.3890282160411438e+000 0 0 0 1];
inferredImage1_cam13_1_xml = [-9.3881376819302986e-001 -1.8330881815785985e-001 -2.9159318551154878e-001 2.4215753627835457e+000 1.5880666928482637e-001 -9.8162457492309763e-001 1.0579997966780548e-001 3.8762840022556850e+000 -3.0562910601227700e-001 5.3019535009436722e-002 9.5067332899662227e-001 -6.2152336109967505e+000 0 0 0 1];
inferredImage1_cam14_1_xml = [-8.1241584910148346e-001 -4.2508847560771917e-001 3.9909933103705098e-001 1.2312637265297663e+000 4.1017273333099946e-001 -9.0312496066220205e-001 -1.2697887328478477e-001 4.3317330353526176e+000 4.1441382332216237e-001 6.0540014324431485e-002 9.0807273370865271e-001 -6.0585357858091715e+000 0 0 0 1];
inferredImage1_cam15_1_xml = [-2.0195722620757525e-001 -5.4639459577031968e-001 8.1281376987323006e-001 5.9006981287700855e-001 3.6198358571495864e-001 -8.1279219217449006e-001 -4.5643919202137795e-001 5.0360827837546509e+000 9.1004459366312584e-001 2.0204404978414053e-001 3.6193513160694984e-001 -5.1156252468948944e+000 0 0 0 1];
inferredImage1_cam16_1_xml = [5.5945324350713022e-001 -5.1806007669700405e-001 6.4701300239025039e-001 8.4522665721484236e-001 8.3293454016476601e-002 -7.4151354068384601e-001 -6.6574760194874982e-001 5.4260846457024030e+000 8.2466615599729642e-001 4.2634660302997685e-001 -3.7169114226389965e-001 -3.6929202113446538e+000 0 0 0 1];
inferredImage2_cam1_1_xml = [9.4375211527830860e-001 -2.8203426480633520e-001 1.7259379589912444e-001 1.4755533301381250e+000 -1.7879808695608848e-001 -8.7436856026184406e-001 -4.5112178502758338e-001 3.9435422357601624e+000 2.7814238980882011e-001 3.9488769834065518e-001 -8.7561436528340386e-001 -2.5647685943674694e+000 0 0 0 1];
inferredImage2_cam2_1_xml = [8.2943396465221886e-001 -1.8144578474160100e-001 -5.2831498699242396e-001 2.5782616008901313e+000 -3.6059579341827136e-001 -8.9623885369267020e-001 -2.5831490646243371e-001 3.7958437151985716e+000 -4.2662626741721849e-001 4.0476331890520029e-001 -8.0879953240497016e-001 -2.7082011401679940e+000 0 0 0 1];
inferredImage2_cam3_1_xml = [1.7996687076243090e-001 -8.7729775589100389e-002 -9.7975272997989882e-001 3.4151254438153495e+000 -3.2019239635924263e-001 -9.4699618552346831e-001 2.5981799739953876e-002 3.2433645512927765e+000 -9.3010147550775546e-001 3.0903351125579798e-001 -1.9851834721054984e-001 -3.8473668591041994e+000 0 0 0 1];
inferredImage2_cam4_1_xml = [-5.2897793598808318e-001 -1.0664215090392459e-001 -8.4190842428875345e-001 3.1345335478390948e+000 -2.0530429398896549e-001 -9.4652261510055635e-001 2.4888769751214310e-001 2.7678826041718394e+000 -8.2342728282920052e-001 3.0450351517476493e-001 4.7879548780114056e-001 -5.0248170330866886e+000 0 0 0 1];
inferredImage2_cam5_1_xml = [-9.4063470214924605e-001 -2.3569979038824632e-001 -2.4423751948367062e-001 2.0089990456460169e+000 1.7443554214562856e-001 -9.5296576972196667e-001 2.4784770197558842e-001 2.8106022979187006e+000 -2.9116764715359472e-001 1.9053044520274512e-001 9.3750709368083385e-001 -5.7443156236257211e+000 0 0 0 1];
inferredImage2_cam6_1_xml = [-8.3187910471535287e-001 -3.1833682946098951e-001 4.5457542624597219e-001 7.8627107434079546e-001 3.6676661091608620e-001 -9.3010135135461225e-001 1.9842613876510456e-002 3.2236296826396345e+000 4.1648458345431066e-001 1.8322974435677450e-001 8.9048719953059441e-001 -5.6427156822901612e+000 0 0 0 1];
inferredImage2_cam7_1_xml = [-1.7964762703678169e-001 -4.4398277036359884e-001 8.7784168830166498e-001 7.2351836949660339e-002 3.4843913195397230e-001 -8.6322547814147454e-001 -3.6528337658670607e-001 3.9172197816004637e+000 9.1995483662145905e-001 2.4025210406505687e-001 3.0977737985381926e-001 -4.6929052317870328e+000 0 0 0 1];
inferredImage2_cam8_1_xml = [5.2888829644831248e-001 -4.2234477473224213e-001 7.3613997387478758e-001 3.8725483427537993e-001 7.8864417621705762e-002 -8.3917177109451946e-001 -5.3811814895176813e-001 4.1843956240071876e+000 8.4501927404834398e-001 3.4265964141471283e-001 -4.1052015374686490e-001 -3.3059767006378569e+000 0 0 0 1];
inferredImage2_cam9_1_xml = [9.4825594357911558e-001 -2.6869923893722097e-001 1.6914900076984868e-001 1.7270769002160213e+000 -1.6530397518903245e-001 -8.7264501004504558e-001 -4.5952723774569199e-001 4.9088179144694770e+000 2.7108165052910493e-001 4.0778843220233751e-001 -8.7190786973646217e-001 -2.7281706725909443e+000 0 0 0 1];
inferredImage2_cam10_1_xml = [8.2032631970401992e-001 -4.1133037028613095e-002 -5.7041458823005209e-001 2.9601104723158489e+000 -3.2970506024514867e-001 -8.4898704677948111e-001 -4.1293530685737906e-001 4.9361674768934680e+000 -4.6728931343397928e-001 5.2681027672726488e-001 -7.1000819001258142e-001 -3.1202773520104792e+000 0 0 0 1];
inferredImage2_cam11_1_xml = [2.5106394520856234e-001 5.2788428447494595e-002 -9.6653001879835865e-001 3.7207671377191915e+000 -3.4668570875040927e-001 -9.2736800715951961e-001 -1.4070393969327111e-001 4.4789281532005534e+000 -9.0375655724566561e-001 3.7040783080143569e-001 -2.1452767680753138e-001 -4.1476575224103858e+000 0 0 0 1];
inferredImage2_cam12_1_xml = [-5.1906004511917092e-001 -2.9496033047830911e-002 -8.5422868928368700e-001 3.4681061829872140e+000 -1.4477212442938833e-001 -9.8193059765705382e-001 1.2187425229745580e-001 3.9524998491994241e+000 -8.4238809437757756e-001 1.8692855699251387e-001 5.0541073695719063e-001 -5.3918162380222725e+000 0 0 0 1];
inferredImage2_cam13_1_xml = [-9.3951541625799373e-001 -1.8361181795003068e-001 -2.8913229311623601e-001 2.3583947868060862e+000 1.5937205433583593e-001 -9.8156835423395206e-001 1.0547091667007785e-001 3.8868988829295765e+000 -3.0316881586064154e-001 5.3011944649634768e-002 9.5146119354081937e-001 -6.2360184643195904e+000 0 0 0 1];
inferredImage2_cam14_1_xml = [-8.1214964373943610e-001 -4.2495792365205737e-001 3.9977958839745620e-001 1.1828380945890502e+000 4.1023723615268370e-001 -9.0314453716601584e-001 -1.2663078243851209e-001 4.3548165955497398e+000 4.1487150570714659e-001 6.1161328570547291e-002 9.0782207818480054e-001 -6.0343724995641059e+000 0 0 0 1];
inferredImage2_cam15_1_xml = [-2.0081864843590727e-001 -5.4602890037928176e-001 8.1334144760424421e-001 5.7634307225990578e-001 3.6141393061318128e-001 -8.1298205425801928e-001 -4.5655246162203611e-001 5.0581011678420547e+000 9.1052283947142454e-001 2.0226868122624095e-001 3.6060440845321262e-001 -5.0583056043110535e+000 0 0 0 1];
inferredImage2_cam16_1_xml = [5.6131634087811966e-001 -5.1799660984128548e-001 6.4544827651496095e-001 8.8231851987003163e-001 8.1760008623819436e-002 -7.4137896236200007e-001 -6.6608748311079702e-001 5.4306865437403573e+000 8.2355283161011095e-001 4.2665764537856160e-001 -3.7379671906932221e-001 -3.6381993096676686e+000 0 0 0 1];

colorImage_cam1_1_xml = reshape(colorImage_cam1_1_xml, 4, 4)';
colorImage_cam2_1_xml = reshape(colorImage_cam2_1_xml, 4, 4)';
colorImage_cam3_1_xml = reshape(colorImage_cam3_1_xml, 4, 4)';
colorImage_cam4_1_xml = reshape(colorImage_cam4_1_xml, 4, 4)';
colorImage_cam5_1_xml = reshape(colorImage_cam5_1_xml, 4, 4)';
colorImage_cam6_1_xml = reshape(colorImage_cam6_1_xml, 4, 4)';
colorImage_cam7_1_xml = reshape(colorImage_cam7_1_xml, 4, 4)';
colorImage_cam8_1_xml = reshape(colorImage_cam8_1_xml, 4, 4)';
colorImage_cam9_1_xml = reshape(colorImage_cam9_1_xml, 4, 4)';
colorImage_cam10_1_xml = reshape(colorImage_cam10_1_xml, 4, 4)';
colorImage_cam11_1_xml = reshape(colorImage_cam11_1_xml, 4, 4)';
colorImage_cam12_1_xml = reshape(colorImage_cam12_1_xml, 4, 4)';
colorImage_cam13_1_xml = reshape(colorImage_cam13_1_xml, 4, 4)';
colorImage_cam14_1_xml = reshape(colorImage_cam14_1_xml, 4, 4)';
colorImage_cam15_1_xml = reshape(colorImage_cam15_1_xml, 4, 4)';
colorImage_cam16_1_xml = reshape(colorImage_cam16_1_xml, 4, 4)';
inferredImage1_cam1_1_xml = reshape(inferredImage1_cam1_1_xml, 4, 4)';
inferredImage1_cam2_1_xml = reshape(inferredImage1_cam2_1_xml, 4, 4)';
inferredImage1_cam3_1_xml = reshape(inferredImage1_cam3_1_xml, 4, 4)';
inferredImage1_cam4_1_xml = reshape(inferredImage1_cam4_1_xml, 4, 4)';
inferredImage1_cam5_1_xml = reshape(inferredImage1_cam5_1_xml, 4, 4)';
inferredImage1_cam6_1_xml = reshape(inferredImage1_cam6_1_xml, 4, 4)';
inferredImage1_cam7_1_xml = reshape(inferredImage1_cam7_1_xml, 4, 4)';
inferredImage1_cam8_1_xml = reshape(inferredImage1_cam8_1_xml, 4, 4)';
inferredImage1_cam9_1_xml = reshape(inferredImage1_cam9_1_xml, 4, 4)';
inferredImage1_cam10_1_xml = reshape(inferredImage1_cam10_1_xml, 4, 4)';
inferredImage1_cam11_1_xml = reshape(inferredImage1_cam11_1_xml, 4, 4)';
inferredImage1_cam12_1_xml = reshape(inferredImage1_cam12_1_xml, 4, 4)';
inferredImage1_cam13_1_xml = reshape(inferredImage1_cam13_1_xml, 4, 4)';
inferredImage1_cam14_1_xml = reshape(inferredImage1_cam14_1_xml, 4, 4)';
inferredImage1_cam15_1_xml = reshape(inferredImage1_cam15_1_xml, 4, 4)';
inferredImage1_cam16_1_xml = reshape(inferredImage1_cam16_1_xml, 4, 4)';
inferredImage2_cam1_1_xml = reshape(inferredImage2_cam1_1_xml, 4, 4)';
inferredImage2_cam2_1_xml = reshape(inferredImage2_cam2_1_xml, 4, 4)';
inferredImage2_cam3_1_xml = reshape(inferredImage2_cam3_1_xml, 4, 4)';
inferredImage2_cam4_1_xml = reshape(inferredImage2_cam4_1_xml, 4, 4)';
inferredImage2_cam5_1_xml = reshape(inferredImage2_cam5_1_xml, 4, 4)';
inferredImage2_cam6_1_xml = reshape(inferredImage2_cam6_1_xml, 4, 4)';
inferredImage2_cam7_1_xml = reshape(inferredImage2_cam7_1_xml, 4, 4)';
inferredImage2_cam8_1_xml = reshape(inferredImage2_cam8_1_xml, 4, 4)';
inferredImage2_cam9_1_xml = reshape(inferredImage2_cam9_1_xml, 4, 4)';
inferredImage2_cam10_1_xml = reshape(inferredImage2_cam10_1_xml, 4, 4)';
inferredImage2_cam11_1_xml = reshape(inferredImage2_cam11_1_xml, 4, 4)';
inferredImage2_cam12_1_xml = reshape(inferredImage2_cam12_1_xml, 4, 4)';
inferredImage2_cam13_1_xml = reshape(inferredImage2_cam13_1_xml, 4, 4)';
inferredImage2_cam14_1_xml = reshape(inferredImage2_cam14_1_xml, 4, 4)';
inferredImage2_cam15_1_xml = reshape(inferredImage2_cam15_1_xml, 4, 4)';
inferredImage2_cam16_1_xml = reshape(inferredImage2_cam16_1_xml, 4, 4)';

colorImage_cam1_1_xml_trans = colorImage_cam1_1_xml(1:3,4)';
colorImage_cam2_1_xml_trans = colorImage_cam2_1_xml(1:3,4)';
colorImage_cam3_1_xml_trans = colorImage_cam3_1_xml(1:3,4)';
colorImage_cam4_1_xml_trans = colorImage_cam4_1_xml(1:3,4)';
colorImage_cam5_1_xml_trans = colorImage_cam5_1_xml(1:3,4)';
colorImage_cam6_1_xml_trans = colorImage_cam6_1_xml(1:3,4)';
colorImage_cam7_1_xml_trans = colorImage_cam7_1_xml(1:3,4)';
colorImage_cam8_1_xml_trans = colorImage_cam8_1_xml(1:3,4)';
colorImage_cam9_1_xml_trans = colorImage_cam9_1_xml(1:3,4)';
colorImage_cam10_1_xml_trans = colorImage_cam10_1_xml(1:3,4)';
colorImage_cam11_1_xml_trans = colorImage_cam11_1_xml(1:3,4)';
colorImage_cam12_1_xml_trans = colorImage_cam12_1_xml(1:3,4)';
colorImage_cam13_1_xml_trans = colorImage_cam13_1_xml(1:3,4)';
