<?xml version="1.0" encoding="UTF-8"?>
<document version="1.5.0">
  <chunk label="Chunk 1" enabled="true">
    <sensors next_id="3">
      <sensor id="2" label="unknown" type="frame">
        <resolution width="1280" height="720"/>
        <property name="layer_index" value="0"/>
        <bands>
          <band label="Red"/>
          <band label="Green"/>
          <band label="Blue"/>
        </bands>
        <calibration type="frame" class="adjusted">
          <resolution width="1280" height="720"/>
          <f>987.58193952986</f>
          <b1>11.8306648159064</b1>
          <k1>0.0491716406414851</k1>
          <p1>0.00142314666019615</p1>
          <p2>0.0093286045968271</p2>
        </calibration>
        <covariance>
          <params>f b1 k1 p1 p2</params>
          <coeffs>5.5925940895037680e+000 -1.0602808120163116e+000 4.2257959150400291e-003 2.4295105883750898e-005 -1.4416174978670258e-004 -1.0602808120163116e+000 1.6439696421729375e+000 4.9487979766763706e-004 -1.4576895607965886e-005 1.6544224268138331e-004 4.2257959150400291e-003 4.9487979766763706e-004 6.3057192998865414e-006 3.1138878270627747e-008 8.3845636828771021e-008 2.4295105883750898e-005 -1.4576895607965886e-005 3.1138878270627747e-008 2.3845115729659605e-008 -1.9326542514266021e-009 -1.4416174978670258e-004 1.6544224268138331e-004 8.3845636828771021e-008 -1.9326542514266021e-009 1.2398554710686070e-007</coeffs>
        </covariance>
        <black_level>0 0 0</black_level>
        <sensitivity>1 1 1</sensitivity>
      </sensor>
    </sensors>
    <cameras next_id="48" next_group_id="0">
      <camera id="0" sensor_id="2" label="colorImage_cam1_1">
        <transform>9.4651904861167613e-001 -2.7754031662161771e-001 1.6453894148443962e-001 1.3785818303029576e+000 -1.7991922070349939e-001 -8.7733523214821596e-001 -4.4487297563785710e-001 4.0038908834523586e+000 2.6782599693960463e-001 3.9147702752653091e-001 -8.8034934672679721e-001 -2.5289145888695583e+000 0 0 0 1</transform>
      </camera>
      <camera id="1" sensor_id="2" label="colorImage_cam2_1">
        <transform>8.3241781344262200e-001 -1.8871698441574425e-001 -5.2102445591011648e-001 2.5296410340901594e+000 -3.5963007496924732e-001 -8.9930413617388472e-001 -2.4883383981716939e-001 3.8233778775599903e+000 -4.2160027637682879e-001 3.9450978499090600e-001 -8.1646508590717526e-001 -2.6232138238654037e+000 0 0 0 1</transform>
        <rotation_covariance>4.4898884529313966e-006 -1.1557526316741322e-006 -1.5866815186741854e-006 -1.1557526316741319e-006 6.1575202693579278e-006 7.1939092970907931e-007 -1.5866815186741845e-006 7.1939092970907909e-007 1.9070088972289599e-006</rotation_covariance>
        <location_covariance>8.2671157943782546e-005 -3.2062642403582998e-005 -1.4707525022445991e-005 -3.2062642403582998e-005 6.3137434625120021e-005 -7.2343236884994804e-007 -1.4707525022445991e-005 -7.2343236884994804e-007 1.1484306460525394e-005</location_covariance>
      </camera>
      <camera id="2" sensor_id="2" label="colorImage_cam3_1">
        <transform>1.7500096404892654e-001 -9.1281934768843290e-002 -9.8032763450124272e-001 3.4821764388808183e+000 -3.1935048481588391e-001 -9.4712351237403836e-001 3.1182048619741151e-002 3.2770257611890403e+000 -9.3133771019421618e-001 3.0761121678690578e-001 -1.9489845786222434e-001 -3.7486009928882491e+000 0 0 0 1</transform>
        <rotation_covariance>3.5289924528710897e-006 8.4721282869996470e-007 -8.4538153496929678e-009 8.4721282869996459e-007 7.5522711727297254e-006 6.3600503120144843e-007 -8.4538153496930736e-009 6.3600503120144843e-007 3.5889810557666151e-006</rotation_covariance>
        <location_covariance>9.3593767139466070e-005 -3.4955073148410872e-005 -6.1326321965972399e-005 -3.4955073148410872e-005 5.1175083576180241e-005 2.4264021812187351e-005 -6.1326321965972399e-005 2.4264021812187351e-005 9.1325889094598004e-005</location_covariance>
      </camera>
      <camera id="3" sensor_id="2" label="colorImage_cam4_1">
        <transform>-5.3665003284179180e-001 -1.0536338678085509e-001 -8.3720087134269716e-001 3.2184112785811441e+000 -2.0153957816823484e-001 -9.4745237115434455e-001 2.4842665482145970e-001 2.7769455353913006e+000 -8.1938302440474886e-001 3.0204728292119876e-001 4.8721545356982271e-001 -4.9696062258185085e+000 0 0 0 1</transform>
        <rotation_covariance>5.6923678413584995e-006 1.5117477448568696e-006 1.9528930981518668e-006 1.5117477448568696e-006 7.8886532195600262e-006 1.4823528260187353e-006 1.9528930981518676e-006 1.4823528260187344e-006 2.5265645290420798e-006</rotation_covariance>
        <location_covariance>7.5387604811166903e-005 -3.4416703735028832e-005 -7.6208703446880701e-005 -3.4416703735028832e-005 5.1450356811219375e-005 5.7977264593891879e-005 -7.6208703446880701e-005 5.7977264593891879e-005 1.5597456188274603e-004</location_covariance>
      </camera>
      <camera id="4" sensor_id="2" label="colorImage_cam5_1">
        <transform>-9.4016364185656165e-001 -2.3912921237301499e-001 -2.4271288865832388e-001 2.0993604588915660e+000 1.7583189113479725e-001 -9.5067430015054577e-001 2.5554162301517597e-001 2.7781349371529034e+000 -2.9184837260291052e-001 1.9757427672430200e-001 9.3583595388609686e-001 -5.7929126971187186e+000 0 0 0 1</transform>
        <rotation_covariance>4.7658338354538405e-006 3.1849271879723398e-007 1.3864108162527007e-008 3.1849271879723408e-007 5.7700055699886221e-006 5.3954195655023898e-007 1.3864108162527113e-008 5.3954195655023909e-007 1.0103554171737756e-006</rotation_covariance>
        <location_covariance>3.2097241731155466e-005 -1.6929921674952461e-005 -4.0176348442389067e-005 -1.6929921674952461e-005 4.4985132208815798e-005 7.5585347395281679e-005 -4.0176348442389067e-005 7.5585347395281679e-005 2.0887692004588218e-004</location_covariance>
      </camera>
      <camera id="5" sensor_id="2" label="colorImage_cam6_1">
        <transform>-8.3404247419510302e-001 -3.1478088121628195e-001 4.5308514438150843e-001 8.3873647061146595e-001 3.6424569597131917e-001 -9.3100145933991696e-001 2.3692945644524510e-002 3.1903279720854085e+000 4.1436484431582832e-001 1.8479523675583770e-001 8.9115234178420533e-001 -5.7103519284459718e+000 0 0 0 1</transform>
        <rotation_covariance>3.6359093139909722e-006 3.2006753876358786e-007 -1.3068251930195573e-006 3.2006753876358845e-007 6.7155357572211479e-006 1.5102108283521508e-008 -1.3068251930195573e-006 1.5102108283521191e-008 2.1211653528997152e-006</rotation_covariance>
        <location_covariance>3.3337679620546522e-005 4.5044816125874186e-006 2.2414265356518164e-005 4.5044816125874186e-006 3.1317789493161925e-005 5.2299511799751398e-005 2.2414265356518164e-005 5.2299511799751398e-005 2.0177010585950591e-004</location_covariance>
      </camera>
      <camera id="6" sensor_id="2" label="colorImage_cam7_1">
        <transform>-1.8918354493252337e-001 -4.4143066650836943e-001 8.7712516381229189e-001 7.5939957000621353e-002 3.5173052929632326e-001 -8.6444788813703288e-001 -3.5918725402824553e-001 3.8886155059986494e+000 9.1678526443638497e-001 2.4055938011517963e-001 3.1880395786581500e-001 -4.7765955918082872e+000 0 0 0 1</transform>
        <rotation_covariance>2.5545597384828413e-006 -7.2824175938964335e-007 1.5360559780399422e-007 -7.2824175938964325e-007 5.4673833957495839e-006 -2.7346847990821473e-007 1.5360559780399433e-007 -2.7346847990821495e-007 3.1436704706364926e-006</rotation_covariance>
        <location_covariance>3.6510849694423445e-005 5.7993460810735812e-006 5.3494730352814650e-005 5.7993460810735812e-006 2.7323917895911056e-005 7.2896900888619292e-006 5.3494730352814650e-005 7.2896900888619292e-006 1.2827105134251258e-004</location_covariance>
      </camera>
      <camera id="7" sensor_id="2" label="colorImage_cam8_1">
        <transform>5.3513222634514124e-001 -4.2287639253527820e-001 7.3130640429524596e-001 3.2948850954518960e-001 7.1443466907574277e-002 -8.3993242573754412e-001 -5.3796779757795077e-001 4.1806903625451088e+000 8.4174184365701987e-001 3.4013097011444565e-001 -4.1926315340831877e-001 -3.3823420937513853e+000 0 0 0 1</transform>
        <rotation_covariance>3.8804142894670283e-006 -9.5113329028960389e-007 9.0238045689016119e-007 -9.5113329028960389e-007 4.6049785117972236e-006 7.6476301698741231e-008 9.0238045689016119e-007 7.6476301698741496e-008 1.8094732357089528e-006</rotation_covariance>
        <location_covariance>3.9649800399216333e-005 -1.5127819059212814e-006 3.5233696087486289e-005 -1.5127819059212814e-006 3.4889177436092753e-005 -1.3290096641954057e-005 3.5233696087486289e-005 -1.3290096641954057e-005 4.8308999773710081e-005</location_covariance>
      </camera>
      <camera id="8" sensor_id="2" label="colorImage_cam9_1">
        <transform>9.4780204847774685e-001 -2.7223539135296287e-001 1.6600954369037152e-001 1.6799543215122392e+000 -1.6372687489705057e-001 -8.6227160852456686e-001 -4.7925064795876893e-001 5.0040074050345966e+000 2.7361430397154274e-001 4.2705452207809924e-001 -8.6183504676638323e-001 -2.6795801451862267e+000 0 0 0 1</transform>
        <rotation_covariance>4.6954373414751870e-006 -4.4260893190736711e-007 -2.8789840227281317e-008 -4.4260893190736711e-007 6.5805792336065591e-006 1.6458418850779192e-007 -2.8789840227281410e-008 1.6458418850779155e-007 4.6490655180943658e-007</rotation_covariance>
        <location_covariance>8.2054994786602903e-005 -6.3468167812861724e-006 1.6279900898376927e-005 -6.3468167812861724e-006 4.1424607365417700e-005 -2.5391540431539694e-005 1.6279900898376927e-005 -2.5391540431539694e-005 2.1966491329765528e-005</location_covariance>
      </camera>
      <camera id="9" sensor_id="2" label="colorImage_cam10_1">
        <transform>8.1770113812924350e-001 -4.1266839586692833e-002 -5.7416190804742939e-001 2.9327893112474244e+000 -3.3246762547663028e-001 -8.4810499163370912e-001 -4.1253266679854400e-001 4.9928212402224919e+000 -4.6992566083591325e-001 5.2821867736432215e-001 -7.0721630508028910e-001 -3.0611731675761735e+000 0 0 0 1</transform>
        <rotation_covariance>3.6197319449656376e-006 1.2177268347722302e-007 -1.5799715387624351e-006 1.2177268347722255e-007 6.6663436223750985e-006 5.0532445346130360e-007 -1.5799715387624353e-006 5.0532445346130381e-007 2.1234289519815235e-006</rotation_covariance>
        <location_covariance>1.0275490208201313e-004 -1.7791725886949889e-005 -3.3108756687588878e-005 -1.7791725886949889e-005 3.8924652065608149e-005 -1.1868600115272265e-005 -3.3108756687588878e-005 -1.1868600115272265e-005 3.3748903793371661e-005</location_covariance>
      </camera>
      <camera id="10" sensor_id="2" label="colorImage_cam11_1">
        <transform>2.4227335229133837e-001 4.4248432368125909e-002 -9.6919848276938692e-001 3.7271250432490128e+000 -3.4575812192001748e-001 -9.2943295618246302e-001 -1.2886310988126504e-001 4.5203968431492347e+000 -9.0650700157023600e-001 3.6632834478769460e-001 -2.0987758315086541e-001 -4.0767551215316624e+000 0 0 0 1</transform>
        <rotation_covariance>2.0950159692612233e-006 1.5286255547675817e-007 -3.2678956646862367e-007 1.5286255547675806e-007 5.2162900567792753e-006 2.4599152270198248e-007 -3.2678956646862356e-007 2.4599152270198259e-007 3.6294308693814384e-006</rotation_covariance>
        <location_covariance>1.0291224111358544e-004 -3.0759783774509786e-005 -6.3982568557334092e-005 -3.0759783774509786e-005 3.4233448503648902e-005 1.4405889493721953e-005 -6.3982568557334092e-005 1.4405889493721953e-005 7.9450702740314989e-005</location_covariance>
      </camera>
      <camera id="11" sensor_id="2" label="colorImage_cam12_1">
        <transform>-5.3672920215320863e-001 -3.5194154707470296e-002 -8.4302024591963765e-001 3.5513497236675691e+000 -1.4401694239014165e-001 -9.8064671359335798e-001 1.3263160793393480e-001 3.9684173791770108e+000 -8.3137289098248457e-001 1.9259645529700936e-001 5.2127317363015369e-001 -5.4293613490107662e+000 0 0 0 1</transform>
        <rotation_covariance>4.9904890916390231e-006 -3.7894745531336944e-007 1.5375943332105069e-006 -3.7894745531336955e-007 7.9854828287195892e-006 5.9675058004512529e-007 1.5375943332105067e-006 5.9675058004512540e-007 2.3524691290397229e-006</rotation_covariance>
        <location_covariance>9.2003869683886355e-005 -2.7216469620687720e-005 -6.6726588286158893e-005 -2.7216469620687720e-005 5.3619332979108888e-005 5.6983021444182143e-005 -6.6726588286158893e-005 5.6983021444182143e-005 1.8731470753057208e-004</location_covariance>
      </camera>
      <camera id="12" sensor_id="2" label="colorImage_cam13_1">
        <transform>-9.4077269258861107e-001 -1.8912924099695602e-001 -2.8138385006871042e-001 2.4431378946382676e+000 1.6225325289211853e-001 -9.7988948237993789e-001 1.1614854388714241e-001 3.8694798806876043e+000 -2.9769216114217967e-001 6.3613933387996813e-002 9.5254010134660771e-001 -6.2523524510414665e+000 0 0 0 1</transform>
        <rotation_covariance>5.4866647496930477e-006 6.4799080814614737e-007 1.4113015046592414e-007 6.4799080814614737e-007 5.9831613805817895e-006 5.8789459875875730e-007 1.4113015046592419e-007 5.8789459875875730e-007 1.0606413641239607e-006</rotation_covariance>
        <location_covariance>4.5946303154885598e-005 -1.6028487685573928e-005 -4.4659228823858903e-005 -1.6028487685573928e-005 4.3501249111925853e-005 5.8194112088539133e-005 -4.4659228823858903e-005 5.8194112088539133e-005 2.3033005650070990e-004</location_covariance>
      </camera>
      <camera id="13" sensor_id="2" label="colorImage_cam14_1">
        <transform>-8.1824707322652535e-001 -4.2350920457929475e-001 3.8873085906940796e-001 1.1866110339099623e+000 4.1061612296864747e-001 -9.0382744874154297e-001 -1.2037583835450359e-001 4.3416073887195044e+000 4.0232589615189268e-001 6.1121980808589382e-002 9.1345387226045016e-001 -6.1405736568313465e+000 0 0 0 1</transform>
        <rotation_covariance>4.5836119765204643e-006 1.1047407914729422e-006 -9.3504548288101016e-007 1.1047407914729422e-006 7.4333801198312928e-006 1.1342849569595220e-007 -9.3504548288101027e-007 1.1342849569595201e-007 2.0119554246989090e-006</rotation_covariance>
        <location_covariance>4.6059624500958183e-005 -3.7745139348316457e-006 5.2764415629651616e-006 -3.7745139348316457e-006 4.6030662729343509e-005 4.8864077378989756e-005 5.2764415629651616e-006 4.8864077378989756e-005 2.3536509917062348e-004</location_covariance>
      </camera>
      <camera id="14" sensor_id="2" label="colorImage_cam15_1">
        <transform>-2.0424002691945936e-001 -5.5742001237260164e-001 8.0471668381515959e-001 4.9603683520260966e-001 3.6213980881007130e-001 -8.0674937216360265e-001 -4.6691563412316611e-001 5.0811694382336441e+000 9.0947279798735270e-001 1.9605708434066443e-001 3.6663449019547212e-001 -5.1461925919205376e+000 0 0 0 1</transform>
        <rotation_covariance>2.2289716972419176e-006 -1.2084758860423684e-007 2.5547892322848398e-007 -1.2084758860423689e-007 7.4689714133626236e-006 -5.3013452899318182e-007 2.5547892322848398e-007 -5.3013452899318203e-007 2.8818740802702915e-006</rotation_covariance>
        <location_covariance>4.4002014209031538e-005 5.9135989227997936e-006 4.2416516181252433e-005 5.9135989227997936e-006 2.6381905146186014e-005 1.2820575387528358e-005 4.2416516181252433e-005 1.2820575387528358e-005 1.8401186373475506e-004</location_covariance>
      </camera>
      <camera id="15" sensor_id="2" label="colorImage_cam16_1">
        <transform>5.4699404330851920e-001 -5.0826987921861766e-001 6.6517610184378173e-001 7.9500872565976288e-001 9.5627095688675973e-002 -7.5144658840481748e-001 -6.5282729978525700e-001 5.4360476493957268e+000 8.3165676523139376e-001 4.2070150303255627e-001 -3.6243243534623371e-001 -3.7204479034906899e+000 0 0 0 1</transform>
        <rotation_covariance>3.2974264309181692e-006 -6.8610945700458540e-007 1.1089791463083626e-006 -6.8610945700458582e-007 7.7767948276869249e-006 1.1597798233178259e-007 1.1089791463083626e-006 1.1597798233178280e-007 1.5509818147222656e-006</rotation_covariance>
        <location_covariance>5.7638558904809829e-005 3.7429496873088965e-006 4.9431448704465004e-005 3.7429496873088965e-006 2.8209445776324274e-005 -2.0394886759739309e-005 4.9431448704465004e-005 -2.0394886759739309e-005 8.8888414678814907e-005</location_covariance>
      </camera>
      <camera id="16" sensor_id="2" label="inferredImage1_cam1_1">
        <transform>9.4352030476264126e-001 -2.8212215169600829e-001 1.7371392006119687e-001 1.4184616751289383e+000 -1.7834637798989900e-001 -8.7435543167255148e-001 -4.5132598923903167e-001 3.9543558517804485e+000 2.7921676876308399e-001 3.9485398646477038e-001 -8.7528756726825574e-001 -2.5818189950688546e+000 0 0 0 1</transform>
        <rotation_covariance>1.9613801242367829e-006 -4.9219778653531925e-008 -8.0778752796739981e-009 -4.9219778653531978e-008 9.2633184216371794e-007 -1.0195354316958761e-007 -8.0778752796739716e-009 -1.0195354316958763e-007 2.7467233911560552e-007</rotation_covariance>
        <location_covariance>8.1088748425562309e-006 1.2667131491444158e-006 1.0654595735205183e-006 1.2667131491444158e-006 1.5135436128842445e-005 -2.1725701198448589e-006 1.0654595735205183e-006 -2.1725701198448589e-006 2.3779896521879309e-006</location_covariance>
      </camera>
      <camera id="17" sensor_id="2" label="inferredImage1_cam2_1">
        <transform>8.3091830267277389e-001 -1.8177598862131930e-001 -5.2586335130349071e-001 2.5265790481511949e+000 -3.6050475070502808e-001 -8.9579254641497363e-001 -2.5998468898472438e-001 3.8212874258594351e+000 -4.2380549666386103e-001 4.0560227285867179e-001 -8.0986152967614011e-001 -2.6807653313114788e+000 0 0 0 1</transform>
        <rotation_covariance>4.3020030829282130e-006 -1.2993511624744135e-006 -1.5911737938159810e-006 -1.2993511624744133e-006 6.1373668754229677e-006 7.1934841019904056e-007 -1.5911737938159814e-006 7.1934841019904077e-007 1.8910156977037839e-006</rotation_covariance>
        <location_covariance>7.9397725947422508e-005 -3.3179760355599869e-005 -1.4853513618073075e-005 -3.3179760355599869e-005 5.9899791207815218e-005 6.3019266403627470e-007 -1.4853513618073075e-005 6.3019266403627470e-007 1.1335276103969682e-005</location_covariance>
      </camera>
      <camera id="18" sensor_id="2" label="inferredImage1_cam3_1">
        <transform>1.8295903220066620e-001 -8.7492742629396991e-002 -9.7921959361696864e-001 3.4131813904197852e+000 -3.2110892780487016e-001 -9.4672290457581298e-001 2.4592650030912225e-002 3.2648446517996619e+000 -9.2920129628633330e-001 3.0993670634296011e-001 -2.0130620715982786e-001 -3.7899092546819166e+000 0 0 0 1</transform>
        <rotation_covariance>3.0320036673112857e-006 5.8952453561140806e-007 -3.8219227560185540e-008 5.8952453561140806e-007 7.0743498666793793e-006 7.1900751715221105e-007 -3.8219227560185381e-008 7.1900751715221105e-007 3.5468401960254980e-006</rotation_covariance>
        <location_covariance>8.9456984993598491e-005 -3.6010138606591932e-005 -5.8978045770986797e-005 -3.6010138606591932e-005 4.7147359558904793e-005 2.6421093508950566e-005 -5.8978045770986797e-005 2.6421093508950566e-005 8.5146730039283597e-005</location_covariance>
      </camera>
      <camera id="19" sensor_id="2" label="inferredImage1_cam4_1">
        <transform>-5.2735292757783003e-001 -1.0653203277495549e-001 -8.4294116981431610e-001 3.1765627893260442e+000 -2.0658346269244571e-001 -9.4625934203971052e-001 2.4883032480904066e-001 2.7748665356091946e+000 -8.2414935704463854e-001 3.0535910596445226e-001 4.7700487805419739e-001 -4.9824799836090632e+000 0 0 0 1</transform>
        <rotation_covariance>5.2604872943771589e-006 1.6444058186032844e-006 1.9536218587552897e-006 1.6444058186032844e-006 7.8668740526561925e-006 1.4749426198301490e-006 1.9536218587552884e-006 1.4749426198301486e-006 2.5202340353250111e-006</rotation_covariance>
        <location_covariance>7.1960669488195685e-005 -3.5043061324753445e-005 -7.5516403436463666e-005 -3.5043061324753445e-005 4.8183643732852745e-005 5.8357264524137028e-005 -7.5516403436463666e-005 5.8357264524137028e-005 1.5617802829551131e-004</location_covariance>
      </camera>
      <camera id="20" sensor_id="2" label="inferredImage1_cam5_1">
        <transform>-9.4039541742126820e-001 -2.3554547708134491e-001 -2.4530549753236408e-001 2.0697518166003315e+000 1.7392762615626498e-001 -9.5294866948577617e-001 2.4827004286650345e-001 2.7936059179118535e+000 -2.9224243318300924e-001 1.9080660772575597e-001 9.3711642750272151e-001 -5.7405706469904976e+000 0 0 0 1</transform>
        <rotation_covariance>4.8556978377263261e-006 3.5064974438498775e-007 -3.0870927752699615e-008 3.5064974438498781e-007 5.8618395219814664e-006 5.5795567226215471e-007 -3.0870927752699509e-008 5.5795567226215482e-007 9.9836468974199807e-007</rotation_covariance>
        <location_covariance>3.1645093483125083e-005 -1.6518651827033501e-005 -3.9390210324380126e-005 -1.6518651827033501e-005 4.3353865496235244e-005 7.2860105595747116e-005 -3.9390210324380126e-005 7.2860105595747116e-005 2.0622820915375151e-004</location_covariance>
      </camera>
      <camera id="21" sensor_id="2" label="inferredImage1_cam6_1">
        <transform>-8.3315979838727072e-001 -3.1783298062751575e-001 4.5257811124347430e-001 8.3882426621229189e-001 3.6633950664994464e-001 -9.3024156144950731e-001 2.1118788304648743e-002 3.1952557599943079e+000 4.1429472144689045e-001 1.8339256739958276e-001 8.9147464910889784e-001 -5.6847495029566373e+000 0 0 0 1</transform>
        <rotation_covariance>3.7866910768862344e-006 2.3036816331639891e-007 -1.2893369899064577e-006 2.3036816331639939e-007 6.5282311651454354e-006 3.7024024440692537e-008 -1.2893369899064575e-006 3.7024024440692431e-008 2.0612117692734304e-006</rotation_covariance>
        <location_covariance>3.1304661063271571e-005 6.2826967147027067e-006 2.2944266205326214e-005 6.2826967147027067e-006 3.2135729848044898e-005 5.1057984509469082e-005 2.2944266205326214e-005 5.1057984509469082e-005 1.9956480328812282e-004</location_covariance>
      </camera>
      <camera id="22" sensor_id="2" label="inferredImage1_cam7_1">
        <transform>-1.8264684006877863e-001 -4.4428600151013531e-001 8.7706902845501600e-001 7.8708663173394464e-002 3.4951535233267139e-001 -8.6314402354886588e-001 -3.6444672188900740e-001 3.8940776662112504e+000 9.1895546698230057e-001 2.3998404837407653e-001 3.1293530677974096e-001 -4.7673367933139010e+000 0 0 0 1</transform>
        <rotation_covariance>2.3303657272206492e-006 -7.4462744313126931e-007 1.2423347922728860e-007 -7.4462744313126931e-007 5.3050859853885930e-006 -1.8453102114323245e-007 1.2423347922728871e-007 -1.8453102114323181e-007 3.0532401107880666e-006</rotation_covariance>
        <location_covariance>3.5918210587321639e-005 5.6194105268754994e-006 5.3430763340682109e-005 5.6194105268754994e-006 2.5313999369803806e-005 7.1839550828355426e-006 5.3430763340682109e-005 7.1839550828355426e-006 1.2634842256338888e-004</location_covariance>
      </camera>
      <camera id="23" sensor_id="2" label="inferredImage1_cam8_1">
        <transform>5.2698492469630132e-001 -4.2281451210312315e-001 7.3723454714075320e-001 3.4855146102140655e-001 8.0042610751010601e-002 -8.3891466901016432e-001 -5.3834501816560787e-001 4.1804945113388197e+000 8.4609696229628173e-001 3.4270988674761671e-001 -4.0825220626279535e-001 -3.3649849610231701e+000 0 0 0 1</transform>
        <rotation_covariance>3.3433840419693581e-006 -7.2455192502863629e-007 9.3197033926878030e-007 -7.2455192502863618e-007 4.0823408469886391e-006 9.3788488847850720e-008 9.3197033926878082e-007 9.3788488847850429e-008 1.7596086782437159e-006</rotation_covariance>
        <location_covariance>3.7274600288748968e-005 -9.0377499813331131e-007 3.2614085136420805e-005 -9.0377499813331131e-007 3.0899719002966510e-005 -1.0703731276305744e-005 3.2614085136420805e-005 -1.0703731276305744e-005 4.3095123743258201e-005</location_covariance>
      </camera>
      <camera id="24" sensor_id="2" label="inferredImage1_cam9_1">
        <transform>9.6850686674779929e-001 -2.2484117016854152e-001 1.0696213002554160e-001 1.9257604934711854e+000 -1.8741275472324292e-001 -9.4112695597338836e-001 -2.8134767123136095e-001 4.3183304701296512e+000 1.6392348345922109e-001 2.5244108409192334e-001 -9.5362602241816441e-001 -2.5344315980464991e+000 0 0 0 1</transform>
        <rotation_covariance>3.3194782507996671e-006 3.7846192796078001e-008 -3.7479485132224167e-007 3.7846192796078240e-008 4.4177166675809508e-006 -1.3766063747805969e-007 -3.7479485132224162e-007 -1.3766063747805953e-007 5.4259773933104764e-007</rotation_covariance>
        <location_covariance>5.5950446885371533e-005 -9.0591189785779317e-006 6.3928641950064561e-006 -9.0591189785779317e-006 2.8427592514368943e-005 -9.1104526861483214e-006 6.3928641950064561e-006 -9.1104526861483214e-006 7.6775825001928283e-006</location_covariance>
      </camera>
      <camera id="25" sensor_id="2" label="inferredImage1_cam10_1">
        <transform>8.2248340042126089e-001 -4.1145057449806954e-002 -5.6729898667186995e-001 2.9094591257116482e+000 -3.2836879854374623e-001 -8.4873268313589589e-001 -4.1451992077568356e-001 4.9662681771928598e+000 -4.6442974514388646e-001 5.2721904065046321e-001 -7.1157929635507888e-001 -3.0906607560154908e+000 0 0 0 1</transform>
        <rotation_covariance>3.3980739144751352e-006 9.7572583587944037e-009 -1.5910620262554052e-006 9.7572583587945361e-009 7.3373660459681203e-006 6.6841934553025618e-007 -1.5910620262554050e-006 6.6841934553025576e-007 2.0992421544388549e-006</rotation_covariance>
        <location_covariance>1.0567579447528418e-004 -2.1437381099125973e-005 -3.5864835479856042e-005 -2.1437381099125973e-005 3.8031465767070043e-005 -7.8465583677981573e-006 -3.5864835479856042e-005 -7.8465583677981573e-006 3.3558668458061290e-005</location_covariance>
      </camera>
      <camera id="26" sensor_id="2" label="inferredImage1_cam11_1">
        <transform>2.5584710291583240e-001 5.3036527176841236e-002 -9.6526130488826467e-001 3.7115605690575526e+000 -3.4688419645522195e-001 -9.2696168178290883e-001 -1.4287545190065276e-001 4.5104001723077802e+000 -9.0233786032682373e-001 3.7138816256205726e-001 -2.1876292768563113e-001 -4.0887860605722812e+000 0 0 0 1</transform>
        <rotation_covariance>2.1131565309095271e-006 1.5763569657444883e-007 -3.5147667890493166e-007 1.5763569657444851e-007 5.2660297034782695e-006 2.6224047378053474e-007 -3.5147667890493155e-007 2.6224047378053485e-007 3.6445029229250911e-006</rotation_covariance>
        <location_covariance>1.0104607441806997e-004 -3.0477942097329029e-005 -6.3451875380294672e-005 -3.0477942097329029e-005 3.4297294005114464e-005 1.4970378183877161e-005 -6.3451875380294672e-005 1.4970378183877161e-005 7.9542820088293449e-005</location_covariance>
      </camera>
      <camera id="27" sensor_id="2" label="inferredImage1_cam12_1">
        <transform>-5.3347818357580967e-001 -2.9887750953220854e-002 -8.4528560261701635e-001 3.4745026508583501e+000 -1.4243088260895223e-001 -9.8192956714720547e-001 1.2461046842595605e-001 3.9526437831322383e+000 -8.3373525253997094e-001 1.8687174078779165e-001 5.1958106313360908e-001 -5.4052901663983253e+000 0 0 0 1</transform>
        <rotation_covariance>4.4970880266834151e-006 -3.2923717109604852e-007 1.5085457738628667e-006 -3.2923717109604825e-007 8.2247091787356823e-006 7.4436211281827302e-007 1.5085457738628665e-006 7.4436211281827323e-007 2.3825638694170659e-006</rotation_covariance>
        <location_covariance>8.9441761063928024e-005 -2.7708947327275435e-005 -6.2712641311334812e-005 -2.7708947327275435e-005 4.7946109483035496e-005 5.8289438387605335e-005 -6.2712641311334812e-005 5.8289438387605335e-005 1.8619832585201174e-004</location_covariance>
      </camera>
      <camera id="28" sensor_id="2" label="inferredImage1_cam13_1">
        <transform>-9.3862244459985145e-001 -1.8358440592975964e-001 -2.9203539578759308e-001 2.4283183585331081e+000 1.5877898384547431e-001 -9.8153155976611006e-001 1.0670066294126926e-001 3.8744197435839292e+000 -3.0623053535269401e-001 5.3782553700294070e-002 9.5043689750297355e-001 -6.2324988877967034e+000 0 0 0 1</transform>
        <rotation_covariance>5.4138116700892027e-006 6.7798251929051760e-007 1.7143475400172375e-007 6.7798251929051739e-007 6.2120053018706978e-006 6.7819008709926671e-007 1.7143475400172385e-007 6.7819008709926671e-007 1.0718474111341446e-006</rotation_covariance>
        <location_covariance>4.8665552575075441e-005 -1.6901319142836219e-005 -4.3323563422835098e-005 -1.6901319142836219e-005 4.2584332790247898e-005 5.7645698610530605e-005 -4.3323563422835098e-005 5.7645698610530605e-005 2.2883454287095617e-004</location_covariance>
      </camera>
      <camera id="29" sensor_id="2" label="inferredImage1_cam14_1">
        <transform>-8.1116566261391321e-001 -4.2525448991128434e-001 4.0145844941466263e-001 1.2222573213398789e+000 4.1039372254028444e-001 -9.0298146642062938e-001 -1.2728497083464752e-001 4.3362508460000235e+000 4.1663804470506505e-001 6.1506829792653983e-002 9.0698933267883430e-001 -6.0716471081816703e+000 0 0 0 1</transform>
        <rotation_covariance>4.1265553547665039e-006 1.1064975033827626e-006 -1.0044162997717427e-006 1.1064975033827626e-006 7.0612835907652371e-006 6.8085967129806374e-008 -1.0044162997717427e-006 6.8085967129806348e-008 1.9974152527463614e-006</rotation_covariance>
        <location_covariance>4.0123862721153029e-005 -3.8014337536382563e-006 6.1866208232245163e-006 -3.8014337536382563e-006 3.9966514733439204e-005 4.7550847549374396e-005 6.1866208232245163e-006 4.7550847549374396e-005 2.2999324578410014e-004</location_covariance>
      </camera>
      <camera id="30" sensor_id="2" label="inferredImage1_cam15_1">
        <transform>-2.0384709021330027e-001 -5.4711315675272587e-001 8.1185808952035321e-001 5.8983284174770689e-001 3.6334498857520647e-001 -8.1232196472208984e-001 -4.5619452529302307e-001 5.0409792234780086e+000 9.0908018518107281e-001 2.0199064170924091e-001 3.6438029251461351e-001 -5.1362547285618065e+000 0 0 0 1</transform>
        <rotation_covariance>2.0093286971109683e-006 -2.0443597902196142e-008 3.0365934941682267e-007 -2.0443597902196512e-008 7.9294957273985141e-006 -4.9993775564005825e-007 3.0365934941682298e-007 -4.9993775564005846e-007 2.9047532641458908e-006</rotation_covariance>
        <location_covariance>4.1356917167254364e-005 4.8812715804236816e-006 3.9907130838279510e-005 4.8812715804236816e-006 2.5851789298937055e-005 1.8500091488309796e-005 3.9907130838279510e-005 1.8500091488309796e-005 1.8459613043456038e-004</location_covariance>
      </camera>
      <camera id="31" sensor_id="2" label="inferredImage1_cam16_1">
        <transform>5.5950472779760563e-001 -5.1811969641212763e-001 6.4692073684643270e-001 8.4310157058648927e-001 8.3403380766509633e-002 -7.4136793914718435e-001 -6.6589597902478337e-001 5.4340718212901766e+000 8.2462011596179474e-001 4.2652732502673546e-001 -3.7158593266792761e-001 -3.6985473095566128e+000 0 0 0 1</transform>
        <rotation_covariance>3.3637245889214011e-006 -1.9904972245561063e-007 1.1285289271946012e-006 -1.9904972245561042e-007 9.1822229094318368e-006 3.8744760411849862e-007 1.1285289271946015e-006 3.8744760411849841e-007 1.4993906488716911e-006</rotation_covariance>
        <location_covariance>6.7453132624247365e-005 6.9965347111196282e-006 6.1384156998752005e-005 6.9965347111196282e-006 2.8922260257915945e-005 -1.5960876280439964e-005 6.1384156998752005e-005 -1.5960876280439964e-005 1.0003077779965974e-004</location_covariance>
      </camera>
      <camera id="32" sensor_id="2" label="inferredImage2_cam1_1">
        <transform>9.4374042297344207e-001 -2.8205242901988181e-001 1.7262804328930179e-001 1.4759249057487751e+000 -1.7878491942832170e-001 -8.7434577645661760e-001 -4.5117116017924142e-001 3.9432458265708585e+000 2.7819052218024443e-001 3.9492517073042854e-001 -8.7558217369509306e-001 -2.5648698413127007e+000 0 0 0 1</transform>
        <rotation_covariance>1.9689923151276753e-006 2.0871897753820519e-008 -3.9047691134273632e-009 2.0871897753820492e-008 1.2883174039244028e-006 -8.3935531269839641e-008 -3.9047691134273765e-009 -8.3935531269839561e-008 2.8459259350584603e-007</rotation_covariance>
        <location_covariance>1.1750060585569789e-005 1.1170905482031186e-006 1.7618750531044941e-006 1.1170905482031186e-006 1.5134620011145158e-005 -2.0941965182240894e-006 1.7618750531044941e-006 -2.0941965182240894e-006 2.5485530095789285e-006</location_covariance>
      </camera>
      <camera id="33" sensor_id="2" label="inferredImage2_cam2_1">
        <transform>8.2943247815537435e-001 -1.8139042169971209e-001 -5.2833633141838199e-001 2.5839808716447945e+000 -3.6078641824121033e-001 -8.9603145425369379e-001 -2.5876783687446425e-001 3.7964650953891792e+000 -4.2646796432289280e-001 4.0524702084483188e-001 -8.0864079015510704e-001 -2.7090175429671635e+000 0 0 0 1</transform>
        <rotation_covariance>4.3100416294615791e-006 -1.2890338030645604e-006 -1.6038347745000022e-006 -1.2890338030645604e-006 6.2068748625984494e-006 7.4715682205643282e-007 -1.6038347745000024e-006 7.4715682205643260e-007 1.8975295290177819e-006</rotation_covariance>
        <location_covariance>8.1450509391902683e-005 -3.4169871216479816e-005 -1.6908531648239523e-005 -3.4169871216479816e-005 5.9999646061430339e-005 1.8713534087063600e-006 -1.6908531648239523e-005 1.8713534087063600e-006 1.2043878898384763e-005</location_covariance>
      </camera>
      <camera id="34" sensor_id="2" label="inferredImage2_cam3_1">
        <transform>1.7964167106602130e-001 -8.7082186694570254e-002 -9.7987017649130403e-001 3.4255323488534133e+000 -3.2070191229977818e-001 -9.4684083459374979e-001 2.5351871589241327e-002 3.2421792299636896e+000 -9.2998879211734198e-001 3.0969198682933996e-001 -1.9801949356016241e-001 -3.8548459081082824e+000 0 0 0 1</transform>
        <rotation_covariance>3.0342799700726118e-006 6.2621958713964422e-007 -3.1502791785285619e-008 6.2621958713964422e-007 6.9548617725683658e-006 7.1899966252514186e-007 -3.1502791785285566e-008 7.1899966252514186e-007 3.5469052526596314e-006</rotation_covariance>
        <location_covariance>8.9444145621292727e-005 -3.6718912916128811e-005 -6.0724801348704384e-005 -3.6718912916128811e-005 4.6958153201418531e-005 2.7457405876341215e-005 -6.0724801348704384e-005 2.7457405876341215e-005 8.7882396746881709e-005</location_covariance>
      </camera>
      <camera id="35" sensor_id="2" label="inferredImage2_cam4_1">
        <transform>-5.2905081189890346e-001 -1.0687326478293790e-001 -8.4183332299437241e-001 3.1424265068186936e+000 -2.0575623776924462e-001 -9.4627889726396786e-001 2.4944061259533332e-001 2.7614039655357923e+000 -8.2326764120069584e-001 3.0517921598222414e-001 4.7863977800044782e-001 -5.0358887133892525e+000 0 0 0 1</transform>
        <rotation_covariance>5.2583821724800454e-006 1.7465851800543502e-006 1.9454194307802664e-006 1.7465851800543500e-006 8.1164116160686881e-006 1.4872901810268387e-006 1.9454194307802660e-006 1.4872901810268391e-006 2.5201276108511874e-006</rotation_covariance>
        <location_covariance>7.0001165552348072e-005 -3.4825755789174720e-005 -7.4289222563005711e-005 -3.4825755789174720e-005 4.8480395516883686e-005 5.9529969108824600e-005 -7.4289222563005711e-005 5.9529969108824600e-005 1.6242155429065780e-004</location_covariance>
      </camera>
      <camera id="36" sensor_id="2" label="inferredImage2_cam5_1">
        <transform>-9.4060000485373263e-001 -2.3596794018617112e-001 -2.4411219157070599e-001 2.0112250648085115e+000 1.7453162509813169e-001 -9.5277930756702667e-001 2.4849608228843850e-001 2.8043459148109044e+000 -2.9122215353534270e-001 1.9113011870553670e-001 9.3736808939383287e-001 -5.7588337958050575e+000 0 0 0 1</transform>
        <rotation_covariance>4.8592616178358286e-006 4.2166516919596937e-007 -3.2180119324516185e-008 4.2166516919596937e-007 6.1603987086438165e-006 5.4732092115617891e-007 -3.2180119324516450e-008 5.4732092115617902e-007 1.0081429978269521e-006</rotation_covariance>
        <location_covariance>3.2340491027560082e-005 -1.6003555799430987e-005 -3.5257145579727355e-005 -1.6003555799430987e-005 4.3075898003880786e-005 7.2150217279158402e-005 -3.5257145579727355e-005 7.2150217279158402e-005 2.0854300523036505e-004</location_covariance>
      </camera>
      <camera id="37" sensor_id="2" label="inferredImage2_cam6_1">
        <transform>-8.3188197925789420e-001 -3.1856406085863331e-001 4.5441095025893208e-001 7.8371886997348128e-001 3.6720049567294505e-001 -9.2992008534295412e-001 2.0308393666068486e-002 3.2196652733982556e+000 4.1609634528978034e-001 1.8375411289277135e-001 8.9056064219764330e-001 -5.6572815703047379e+000 0 0 0 1</transform>
        <rotation_covariance>3.7732158430410008e-006 2.5434225169249406e-007 -1.2968660454608816e-006 2.5434225169249411e-007 6.4418664996201923e-006 4.5862833186470513e-009 -1.2968660454608818e-006 4.5862833186468395e-009 2.0753203979985490e-006</rotation_covariance>
        <location_covariance>2.9497257517287421e-005 7.7252591199517508e-006 2.6368809157654867e-005 7.7252591199517508e-006 3.1162127744535562e-005 4.9175916018900309e-005 2.6368809157654867e-005 4.9175916018900309e-005 1.9704689482102387e-004</location_covariance>
      </camera>
      <camera id="38" sensor_id="2" label="inferredImage2_cam7_1">
        <transform>-1.7965005519939048e-001 -4.4433175166579086e-001 8.7766460115950107e-001 6.6043462997323707e-002 3.4882046016499019e-001 -8.6298082600496073e-001 -3.6549744256024763e-001 3.9181580079013258e+000 9.1980984134610200e-001 2.4048573431579506e-001 3.1002655910978416e-001 -4.7035166064812364e+000 0 0 0 1</transform>
        <rotation_covariance>2.3381269275493971e-006 -6.9441993830544716e-007 1.2362869791716493e-007 -6.9441993830544716e-007 5.1975636981647778e-006 -1.7300101678197098e-007 1.2362869791716483e-007 -1.7300101678197066e-007 3.0557801167245790e-006</rotation_covariance>
        <location_covariance>3.6726966197741945e-005 5.0549600465571452e-006 5.3092375257000948e-005 5.0549600465571452e-006 2.6019538551227932e-005 5.9597350253797107e-006 5.3092375257000948e-005 5.9597350253797107e-006 1.2047665140569869e-004</location_covariance>
      </camera>
      <camera id="39" sensor_id="2" label="inferredImage2_cam8_1">
        <transform>5.2886084393258592e-001 -4.2239623785111013e-001 7.3613016919845164e-001 3.8239648681668886e-001 7.9080598216868109e-002 -8.3905459641563862e-001 -5.3826911783925691e-001 4.1859005471690516e+000 8.4501625235292077e-001 3.4288307406901608e-001 -4.1033977479206962e-001 -3.3096083496478821e+000 0 0 0 1</transform>
        <rotation_covariance>3.3475368009300712e-006 -6.4907430640186359e-007 9.3263855072136518e-007 -6.4907430640186391e-007 3.7795190013869075e-006 3.3206696512191291e-008 9.3263855072136518e-007 3.3206696512191449e-008 1.7573264732098493e-006</rotation_covariance>
        <location_covariance>3.5207179776830199e-005 -7.5864429154841897e-007 2.8992582136657892e-005 -7.5864429154841897e-007 3.1633737090964714e-005 -1.0339768037647611e-005 2.8992582136657892e-005 -1.0339768037647611e-005 3.7492797914066897e-005</location_covariance>
      </camera>
      <camera id="40" sensor_id="2" label="inferredImage2_cam9_1">
        <transform>9.4812685342220582e-001 -2.6874610043983005e-001 1.6979694731676412e-001 1.7267605282744285e+000 -1.6512474721023407e-001 -8.7277443994877779e-001 -4.5934583358386238e-001 4.9130561557188406e+000 2.7164183712834733e-001 4.0748044182571780e-001 -8.7187751539482572e-001 -2.7290961380479168e+000 0 0 0 1</transform>
        <rotation_covariance>6.6749383939392614e-006 -1.6269120009201585e-006 -2.9684187027396593e-007 -1.6269120009201579e-006 8.5309593470782584e-006 5.4902369824642131e-007 -2.9684187027396615e-007 5.4902369824642120e-007 5.7390918695455954e-007</rotation_covariance>
